nan = None;  NAN = None
nan = 0
reports = []
class ValErr:
    def __init__(self, value, error, antisym):
        self.value, self.error, self.antisym = value, error, antisym

    def __repr__(self):
        if self.antisym == 0.:
            return "%g +- %g" % (self.value, self.error)
        else:
            return "%g +- %g ~ %g" % (self.value, self.error, self.antisym)

class Report:
    def __init__(self, chamberId, postal_address, name):
        self.chamberId, self.postal_address, self.name = chamberId, postal_address, name
        self.status = "NOFIT"
        self.fittype = None
        self.CovMatrix = None

    def add_parameters(self, deltax, deltay, deltaz, deltaphix, deltaphiy, deltaphiz, loglikelihood, numsegments, sumofweights, redchi2):
        self.status = "PASS"
        self.deltax, self.deltay, self.deltaz, self.deltaphix, self.deltaphiy, self.deltaphiz = deltax, deltay, deltaz, deltaphix, deltaphiy, deltaphiz
        self.loglikelihood, self.numsegments, self.sumofweights, self.redchi2 = loglikelihood, numsegments, sumofweights, redchi2

    def add_stats(self, median_x, median_y, median_dxdz, median_dydz, mean30_x, mean30_y, mean20_dxdz, mean50_dydz, mean15_x, mean15_y, mean10_dxdz, mean25_dydz, wmean30_x, wmean30_y, wmean20_dxdz, wmean50_dydz, wmean15_x, wmean15_y, wmean10_dxdz, wmean25_dydz, stdev30_x, stdev30_y, stdev20_dxdz, stdev50_dydz, stdev15_x, stdev15_y, stdev10_dxdz, stdev25_dydz):
        self.median_x, self.median_y, self.median_dxdz, self.median_dydz, self.mean30_x, self.mean30_y, self.mean20_dxdz, self.mean50_dydz, self.mean15_x, self.mean15_y, self.mean10_dxdz, self.mean25_dydz, self.wmean30_x, self.wmean30_y, self.wmean20_dxdz, self.wmean50_dydz, self.wmean15_x, self.wmean15_y, self.wmean10_dxdz, self.wmean25_dydz, self.stdev30_x, self.stdev30_y, self.stdev20_dxdz, self.stdev50_dydz, self.stdev15_x, self.stdev15_y, self.stdev10_dxdz, self.stdev25_dydz = median_x, median_y, median_dxdz, median_dydz, mean30_x, mean30_y, mean20_dxdz, mean50_dydz, mean15_x, mean15_y, mean10_dxdz, mean25_dydz, wmean30_x, wmean30_y, wmean20_dxdz, wmean50_dydz, wmean15_x, wmean15_y, wmean10_dxdz, wmean25_dydz, stdev30_x, stdev30_y, stdev20_dxdz, stdev50_dydz, stdev15_x, stdev15_y, stdev10_dxdz, stdev25_dydz

    def __repr__(self):
        return "<Report %s %s %s>" % (self.postal_address[0], " ".join(map(str, self.postal_address[1:])), self.status)

reports.append(Report(574914560, ("DT", -2, 1, 1), "MBwhAst1sec01"))
reports[-1].posNum = 2680
reports[-1].negNum = 0
reports[-1].fittype = "6DOF"
reports[-1].add_parameters(ValErr(-0.0328931, 0.00122093, 0), \
                           ValErr(0.0667339, 0.010773, 0), \
                           ValErr(-0.00248139, 0.00851626, 0), \
                           ValErr(0.000155427, 4.86578e-05, 0), \
                           ValErr(-0.000672968, 2.65596e-05, 0), \
                           ValErr(-1.65199e-05, 1.76254e-05, 0), \
                           19712.6, 2680, 2680, -nan)
reports[-1].sigmax = ValErr(0.0490704, 0.000683914, 0)
reports[-1].sigmay = ValErr(0.148788, 0.00207662, 0)
reports[-1].sigmadxdz = ValErr(0.00124013, 1.71011e-05, 0)
reports[-1].sigmadydz = ValErr(0, 0, 0)
reports[-1].add_stats(-0.00434451, 0.0548851, -0.000453105, -0.00720678, -0.0307044, 0.0571881, -0.000816525, -0.00713014, -0.0307044, 0.0571881, -0.000816525, -0.00713014, -0.030092, 0.0596181, -0.000824622, -0.00770203, -0.030092, 0.0596181, -0.000824622, -0.00770203, 0.0492875, 0.146781, 0.00123425, 0.0228933, 0.0492875, 0.146781, 0.00123425, 0.0228933)
reports[-1].CovMatrix = ['1.49067e-06','6.76402e-06','-5.60677e-06','6.64652e-09','6.68474e-09','-5.84532e-09','4.59059e-08','-1.28076e-07','-4.27722e-11','0','0','0','6.76402e-06','0.000116058','-8.81208e-05','1.33592e-07','-2.25787e-08','1.65529e-08','-1.86999e-07','3.2348e-07','4.48998e-10','0','0','0','-5.60677e-06','-8.81208e-05','7.25267e-05','-7.95845e-08','1.61235e-08','-9.71466e-09','1.35465e-07','-2.70191e-07','1.99825e-10','0','0','0','6.64652e-09','1.33592e-07','-7.95845e-08','2.36758e-09','4.76075e-11','1.57139e-10','-1.56184e-10','-3.27699e-09','1.76906e-11','0','0','0','6.68474e-09','-2.25787e-08','1.61235e-08','4.76075e-11','7.05415e-10','-2.59571e-10','2.48323e-09','-1.01765e-08','3.24719e-11','0','0','0','-5.84532e-09','1.65529e-08','-9.71466e-09','1.57139e-10','-2.59571e-10','3.10654e-10','-2.51296e-09','5.3233e-09','1.33931e-11','0','0','0','4.59059e-08','-1.86999e-07','1.35465e-07','-1.56184e-10','2.48323e-09','-2.51296e-09','4.67738e-07','-5.27787e-08','-1.01379e-10','0','0','0','-1.28076e-07','3.2348e-07','-2.70191e-07','-3.27699e-09','-1.01765e-08','5.3233e-09','-5.27787e-08','4.31237e-06','-3.87264e-10','0','0','0','-4.27722e-11','4.48998e-10','1.99825e-10','1.76906e-11','3.24719e-11','1.33931e-11','-1.01379e-10','-3.87264e-10','2.92448e-10','0','0','0','0','0','0','0','0','0','0','0','0','0','0','0','0','0','0','0','0','0','0','0','0','0','0','0','0','0','0','0','0','0','0','0','0','0','0','0']

reports.append(Report(575176704, ("DT", -2, 1, 2), "MBwhAst1sec02"))
reports[-1].posNum = 1764
reports[-1].negNum = 0
reports[-1].fittype = "6DOF"
reports[-1].add_parameters(ValErr(-0.0141194, 0.000997751, 0), \
                           ValErr(0.0575144, 0.00875389, 0), \
                           ValErr(0.00857165, 0.00660249, 0), \
                           ValErr(0.000182864, 5.82571e-05, 0), \
                           ValErr(0.000359542, 2.47987e-05, 0), \
                           ValErr(5.12713e-05, 1.55641e-05, 0), \
                           14256.5, 1764, 1764, -nan)
reports[-1].sigmax = ValErr(0.0310416, 0.000526313, 0)
reports[-1].sigmay = ValErr(0.161172, 0.0027415, 0)
reports[-1].sigmadxdz = ValErr(0.000875247, 1.48178e-05, 0)
reports[-1].sigmadydz = ValErr(0, 0, 0)
reports[-1].add_stats(-0.00217029, 0.0693594, 0.000584734, -0.00917181, -0.0140323, 0.0651527, 0.000472919, -0.00936067, -0.0140323, 0.0651527, 0.000472919, -0.00936067, -0.0141507, 0.0619536, 0.000475246, -0.00881624, -0.0141507, 0.0619536, 0.000475246, -0.00881624, 0.0306248, 0.159924, 0.000872131, 0.0256382, 0.0306248, 0.159924, 0.000872131, 0.0256382)
reports[-1].CovMatrix = ['9.95508e-07','3.67634e-06','-3.22332e-06','-1.20323e-09','7.42055e-09','-6.66362e-09','-2.63217e-08','1.46151e-07','-3.30644e-11','0','0','0','3.67634e-06','7.66306e-05','-5.09724e-05','6.39986e-08','-2.1093e-08','1.06071e-08','-6.09886e-09','-2.51589e-07','1.69745e-09','0','0','0','-3.22332e-06','-5.09724e-05','4.35929e-05','1.98539e-08','1.39946e-08','-1.49121e-09','4.03272e-08','-9.97601e-08','-6.16845e-10','0','0','0','-1.20323e-09','6.39986e-08','1.98539e-08','3.39389e-09','3.9702e-11','2.29548e-10','1.2696e-09','-1.18144e-08','3.06406e-11','0','0','0','7.42055e-09','-2.1093e-08','1.39946e-08','3.9702e-11','6.14974e-10','-2.24405e-10','-5.13698e-10','7.73358e-09','-2.70697e-11','0','0','0','-6.66362e-09','1.06071e-08','-1.49121e-09','2.29548e-10','-2.24405e-10','2.42243e-10','9.27299e-10','-4.90878e-09','6.78429e-13','0','0','0','-2.63217e-08','-6.09886e-09','4.03272e-08','1.2696e-09','-5.13698e-10','9.27299e-10','2.77006e-07','-1.67736e-08','-1.71156e-11','0','0','0','1.46151e-07','-2.51589e-07','-9.97601e-08','-1.18144e-08','7.73358e-09','-4.90878e-09','-1.67736e-08','7.51583e-06','-3.61063e-10','0','0','0','-3.30644e-11','1.69745e-09','-6.16845e-10','3.06406e-11','-2.70697e-11','6.78429e-13','-1.71156e-11','-3.61063e-10','2.19569e-10','0','0','0','0','0','0','0','0','0','0','0','0','0','0','0','0','0','0','0','0','0','0','0','0','0','0','0','0','0','0','0','0','0','0','0','0','0','0','0']

reports.append(Report(575438848, ("DT", -2, 1, 3), "MBwhAst1sec03"))
reports[-1].posNum = 1400
reports[-1].negNum = 0
reports[-1].fittype = "6DOF"
reports[-1].add_parameters(ValErr(-0.00892765, 0.00088647, 0), \
                           ValErr(0.0513396, 0.00840798, 0), \
                           ValErr(0.0456929, 0.00582501, 0), \
                           ValErr(0.000213728, 4.79136e-05, 0), \
                           ValErr(0.000530758, 1.7992e-05, 0), \
                           ValErr(6.95768e-06, 1.25673e-05, 0), \
                           12504.6, 1400, 1400, -nan)
reports[-1].sigmax = ValErr(0.0244033, 0.00046672, 0)
reports[-1].sigmay = ValErr(0.167875, 0.00321258, 0)
reports[-1].sigmadxdz = ValErr(0.000456859, 8.67993e-06, 0)
reports[-1].sigmadydz = ValErr(0, 0, 0)
reports[-1].add_stats(-0.000787012, 0.101363, 0.000499908, -0.0142463, -0.00741297, 0.103181, 0.000557986, -0.0154061, -0.00741297, 0.103181, 0.000557986, -0.0154061, -0.00692464, 0.101233, 0.00053366, -0.0151613, -0.00692464, 0.101233, 0.00053366, -0.0151613, 0.0241073, 0.161729, 0.000456375, 0.0262077, 0.0241073, 0.161729, 0.000456375, 0.0262077)
reports[-1].CovMatrix = ['7.85829e-07','4.08247e-06','-3.32007e-06','2.27136e-09','1.7797e-09','-1.11591e-09','-5.39337e-09','5.27794e-08','-3.02253e-11','0','0','0','4.08247e-06','7.06942e-05','-4.13992e-05','2.8001e-08','-1.419e-08','1.00679e-08','5.05502e-08','-4.00189e-07','2.41516e-10','0','0','0','-3.32007e-06','-4.13992e-05','3.39307e-05','-1.63848e-08','1.39574e-08','-8.98587e-09','-4.43053e-08','3.99376e-07','-2.89297e-10','0','0','0','2.27136e-09','2.8001e-08','-1.63848e-08','2.29571e-09','3.13921e-11','2.12969e-10','1.33644e-09','-3.31185e-09','-1.48632e-11','0','0','0','1.7797e-09','-1.419e-08','1.39574e-08','3.13921e-11','3.23713e-10','-1.56185e-10','-7.13765e-10','8.68823e-09','-1.01246e-11','0','0','0','-1.11591e-09','1.00679e-08','-8.98587e-09','2.12969e-10','-1.56185e-10','1.57936e-10','8.86971e-10','-5.54172e-09','-1.39736e-12','0','0','0','-5.39337e-09','5.05502e-08','-4.43053e-08','1.33644e-09','-7.13765e-10','8.86971e-10','2.17827e-07','-2.80024e-08','-1.91486e-11','0','0','0','5.27794e-08','-4.00189e-07','3.99376e-07','-3.31185e-09','8.68823e-09','-5.54172e-09','-2.80024e-08','1.03207e-05','-1.69939e-10','0','0','0','-3.02253e-11','2.41516e-10','-2.89297e-10','-1.48632e-11','-1.01246e-11','-1.39736e-12','-1.91486e-11','-1.69939e-10','7.53412e-11','0','0','0','0','0','0','0','0','0','0','0','0','0','0','0','0','0','0','0','0','0','0','0','0','0','0','0','0','0','0','0','0','0','0','0','0','0','0','0']

reports.append(Report(575700992, ("DT", -2, 1, 4), "MBwhAst1sec04"))
reports[-1].posNum = 2614
reports[-1].negNum = 0
reports[-1].fittype = "6DOF"
reports[-1].add_parameters(ValErr(0.0316877, 0.00138884, 0), \
                           ValErr(0.206068, 0.0131731, 0), \
                           ValErr(-0.0456312, 0.0104028, 0), \
                           ValErr(0.000564007, 5.30854e-05, 0), \
                           ValErr(0.000423148, 3.16026e-05, 0), \
                           ValErr(-0.000147017, 2.08033e-05, 0), \
                           18135.1, 2614, 2614, -nan)
reports[-1].sigmax = ValErr(0.0560724, 0.00080636, 0)
reports[-1].sigmay = ValErr(0.152653, 0.00218033, 0)
reports[-1].sigmadxdz = ValErr(0.00160634, 2.25792e-05, 0)
reports[-1].sigmadydz = ValErr(0, 0, 0)
reports[-1].add_stats(0.0024633, 0.152421, -0.000175716, -0.0184406, 0.0245008, 0.149915, 0.000402425, -0.018592, 0.0245008, 0.149915, 0.000402425, -0.018592, 0.0250485, 0.147286, 0.000401945, -0.0182649, 0.0250485, 0.147286, 0.000401945, -0.0182649, 0.0589004, 0.151109, 0.00159191, 0.024165, 0.0589004, 0.151109, 0.00159191, 0.024165)
reports[-1].CovMatrix = ['1.92887e-06','1.0313e-05','-8.41323e-06','1.32526e-08','4.43427e-09','-2.71945e-09','-2.50872e-08','6.99655e-08','3.64211e-11','0','0','0','1.0313e-05','0.00017353','-0.000133399','2.18646e-07','-4.30561e-08','3.99079e-08','4.81312e-07','-1.19628e-06','-7.50335e-10','0','0','0','-8.41323e-06','-0.000133399','0.000108218','-1.63253e-07','2.91471e-08','-2.82695e-08','-3.49269e-07','8.61716e-07','6.51366e-10','0','0','0','1.32526e-08','2.18646e-07','-1.63253e-07','2.81806e-09','-3.98102e-11','2.48851e-10','2.10054e-09','-3.13857e-09','-2.46955e-11','0','0','0','4.43427e-09','-4.30561e-08','2.91471e-08','-3.98102e-11','9.98721e-10','-3.14025e-10','-3.53506e-09','1.61058e-08','-6.76388e-11','0','0','0','-2.71945e-09','3.99079e-08','-2.82695e-08','2.48851e-10','-3.14025e-10','4.32777e-10','4.58646e-09','-8.5496e-09','-4.09161e-11','0','0','0','-2.50872e-08','4.81312e-07','-3.49269e-07','2.10054e-09','-3.53506e-09','4.58646e-09','6.50216e-07','-9.34075e-08','-4.10598e-10','0','0','0','6.99655e-08','-1.19628e-06','8.61716e-07','-3.13857e-09','1.61058e-08','-8.5496e-09','-9.34075e-08','4.75385e-06','-4.42115e-10','0','0','0','3.64211e-11','-7.50335e-10','6.51366e-10','-2.46955e-11','-6.76388e-11','-4.09161e-11','-4.10598e-10','-4.42115e-10','5.09819e-10','0','0','0','0','0','0','0','0','0','0','0','0','0','0','0','0','0','0','0','0','0','0','0','0','0','0','0','0','0','0','0','0','0','0','0','0','0','0','0']

reports.append(Report(575963136, ("DT", -2, 1, 5), "MBwhAst1sec05"))
reports[-1].posNum = 0
reports[-1].negNum = 0
reports[-1].status = "TOOFEWHITS"

reports.append(Report(576225280, ("DT", -2, 1, 6), "MBwhAst1sec06"))
reports[-1].posNum = 0
reports[-1].negNum = 0
reports[-1].status = "TOOFEWHITS"

reports.append(Report(576487424, ("DT", -2, 1, 7), "MBwhAst1sec07"))
reports[-1].posNum = 2333
reports[-1].negNum = 0
reports[-1].fittype = "6DOF"
reports[-1].add_parameters(ValErr(0.00200176, 0.000260008, 0), \
                           ValErr(0.0682719, 0.00322465, 0), \
                           ValErr(-0.0157472, 0.00173365, 0), \
                           ValErr(-0.000160953, 2.80566e-05, 0), \
                           ValErr(-9.5083e-05, 8.30124e-06, 0), \
                           ValErr(-6.7285e-06, 5.08138e-06, 0), \
                           24122.6, 2333, 2333, -nan)
reports[-1].sigmax = ValErr(0.00906001, 0.000128571, 0)
reports[-1].sigmay = ValErr(0.150429, 0.00215353, 0)
reports[-1].sigmadxdz = ValErr(0.000336003, 4.94159e-06, 0)
reports[-1].sigmadydz = ValErr(0, 0, 0)
reports[-1].add_stats(0.000932575, 0.0471232, -7.98883e-05, -0.00782702, 0.00105396, 0.0513107, -8.44364e-05, -0.00840244, 0.00105396, 0.0513107, -8.44364e-05, -0.00840244, 0.00109523, 0.046038, -8.89198e-05, -0.00754781, 0.00109523, 0.046038, -8.89198e-05, -0.00754781, 0.00916693, 0.150144, 0.000339415, 0.0243482, 0.00916693, 0.150144, 0.000339415, 0.0243482)
reports[-1].CovMatrix = ['6.7604e-08','3.39932e-07','-2.70228e-07','-1.38606e-09','5.27413e-10','-5.37651e-10','-2.41134e-10','-2.68458e-08','-2.7639e-11','0','0','0','3.39932e-07','1.03984e-05','-3.58604e-06','-5.67444e-10','-2.52424e-09','3.94274e-10','6.49761e-08','8.35013e-07','-6.01618e-10','0','0','0','-2.70228e-07','-3.58604e-06','3.00555e-06','8.97079e-09','1.21847e-09','1.21335e-09','2.85026e-10','1.00806e-07','1.46005e-10','0','0','0','-1.38606e-09','-5.67444e-10','8.97079e-09','7.87174e-10','3.60426e-12','7.32789e-11','1.05721e-10','5.05008e-09','1.58805e-11','0','0','0','5.27413e-10','-2.52424e-09','1.21847e-09','3.60426e-12','6.89106e-11','-2.11644e-11','3.06496e-11','-2.6417e-10','-8.65309e-13','0','0','0','-5.37651e-10','3.94274e-10','1.21335e-09','7.32789e-11','-2.11644e-11','2.58204e-11','-1.73401e-11','5.47857e-10','1.75325e-12','0','0','0','-2.41134e-10','6.49761e-08','2.85026e-10','1.05721e-10','3.06496e-11','-1.73401e-11','1.65304e-08','-1.41133e-08','1.4507e-11','0','0','0','-2.68458e-08','8.35013e-07','1.00806e-07','5.05008e-09','-2.6417e-10','5.47857e-10','-1.41133e-08','4.63769e-06','2.42058e-10','0','0','0','-2.7639e-11','-6.01618e-10','1.46005e-10','1.58805e-11','-8.65309e-13','1.75325e-12','1.4507e-11','2.42058e-10','2.44193e-11','0','0','0','0','0','0','0','0','0','0','0','0','0','0','0','0','0','0','0','0','0','0','0','0','0','0','0','0','0','0','0','0','0','0','0','0','0','0','0']

reports.append(Report(576749568, ("DT", -2, 1, 8), "MBwhAst1sec08"))
reports[-1].posNum = 2451
reports[-1].negNum = 0
reports[-1].fittype = "6DOF"
reports[-1].add_parameters(ValErr(-0.00932586, 0.000856805, 0), \
                           ValErr(0.0969744, 0.0077681, 0), \
                           ValErr(0.0149719, 0.00590799, 0), \
                           ValErr(6.99438e-05, 5.09603e-05, 0), \
                           ValErr(-0.000127379, 2.38844e-05, 0), \
                           ValErr(1.17377e-05, 1.43052e-05, 0), \
                           19291.7, 2451, 2451, -nan)
reports[-1].sigmax = ValErr(0.0325125, 0.000465365, 0)
reports[-1].sigmay = ValErr(0.146958, 0.0021045, 0)
reports[-1].sigmadxdz = ValErr(0.00113172, 1.62087e-05, 0)
reports[-1].sigmadydz = ValErr(0, 0, 0)
reports[-1].add_stats(-0.00168658, 0.113389, 0.00013233, -0.0130797, -0.00743044, 0.113184, -8.90933e-05, -0.013513, -0.00743044, 0.113184, -8.90933e-05, -0.013513, -0.00846367, 0.107361, -0.000109262, -0.0126062, -0.00846367, 0.107361, -0.000109262, -0.0126062, 0.032576, 0.147913, 0.0011297, 0.0243494, 0.032576, 0.147913, 0.0011297, 0.0243494)
reports[-1].CovMatrix = ['7.34114e-07','3.2762e-06','-2.74175e-06','1.42564e-09','4.07344e-09','-3.47314e-09','-8.54012e-09','3.07845e-08','7.9857e-11','0','0','0','3.2762e-06','6.03434e-05','-4.21311e-05','5.68876e-08','-2.06179e-08','1.0358e-08','-1.25999e-08','-1.07584e-07','1.4275e-09','0','0','0','-2.74175e-06','-4.21311e-05','3.49043e-05','-1.29526e-08','1.48011e-08','-4.81636e-09','9.06661e-09','2.02309e-08','-5.25913e-10','0','0','0','1.42564e-09','5.68876e-08','-1.29526e-08','2.59696e-09','2.77282e-11','1.91637e-10','-3.01954e-10','-4.64494e-09','4.82635e-11','0','0','0','4.07344e-09','-2.06179e-08','1.48011e-08','2.77282e-11','5.70464e-10','-1.65258e-10','-3.16754e-10','2.70181e-09','-9.33655e-12','0','0','0','-3.47314e-09','1.0358e-08','-4.81636e-09','1.91637e-10','-1.65258e-10','2.04639e-10','3.86723e-10','-1.60742e-09','-8.61149e-13','0','0','0','-8.54012e-09','-1.25999e-08','9.06661e-09','-3.01954e-10','-3.16754e-10','3.86723e-10','2.16564e-07','-2.02919e-09','-1.65897e-11','0','0','0','3.07845e-08','-1.07584e-07','2.02309e-08','-4.64494e-09','2.70181e-09','-1.60742e-09','-2.02919e-09','4.42892e-06','-1.10214e-10','0','0','0','7.9857e-11','1.4275e-09','-5.25913e-10','4.82635e-11','-9.33655e-12','-8.61149e-13','-1.65897e-11','-1.10214e-10','2.62722e-10','0','0','0','0','0','0','0','0','0','0','0','0','0','0','0','0','0','0','0','0','0','0','0','0','0','0','0','0','0','0','0','0','0','0','0','0','0','0','0']

reports.append(Report(577011712, ("DT", -2, 1, 9), "MBwhAst1sec09"))
reports[-1].posNum = 1303
reports[-1].negNum = 0
reports[-1].fittype = "6DOF"
reports[-1].add_parameters(ValErr(-0.000256558, 0.000511255, 0), \
                           ValErr(0.0932681, 0.00564616, 0), \
                           ValErr(-0.00743341, 0.0032011, 0), \
                           ValErr(3.65267e-05, 3.87611e-05, 0), \
                           ValErr(-1.50036e-05, 1.18259e-05, 0), \
                           ValErr(-2.57888e-05, 8.36345e-06, 0), \
                           13146.9, 1303, 1303, -nan)
reports[-1].sigmax = ValErr(0.0123994, 0.000243732, 0)
reports[-1].sigmay = ValErr(0.148319, 0.00291818, 0)
reports[-1].sigmadxdz = ValErr(0.000319737, 6.21136e-06, 0)
reports[-1].sigmadydz = ValErr(0, 0, 0)
reports[-1].add_stats(-0.000667095, 0.0866658, -4.79387e-05, -0.0141426, -0.0012665, 0.0838809, -4.50816e-05, -0.0137226, -0.0012665, 0.0838809, -4.50816e-05, -0.0137226, -0.00190469, 0.0865316, -3.43185e-05, -0.0141436, -0.00190469, 0.0865316, -3.43185e-05, -0.0141436, 0.0125241, 0.14837, 0.000319836, 0.023997, 0.0125241, 0.14837, 0.000319836, 0.023997)
reports[-1].CovMatrix = ['2.61382e-07','1.35379e-06','-1.11783e-06','-3.46904e-09','1.49116e-09','-1.57006e-09','-4.73327e-09','-2.02922e-08','-1.12518e-11','0','0','0','1.35379e-06','3.18791e-05','-1.23253e-05','-5.51972e-09','1.75355e-09','-4.39303e-09','-2.08857e-08','-1.77728e-08','-2.40789e-10','0','0','0','-1.11783e-06','-1.23253e-05','1.0247e-05','1.51324e-08','-2.8768e-10','4.23305e-09','2.10086e-08','-4.32207e-09','-1.12781e-10','0','0','0','-3.46904e-09','-5.51972e-09','1.51324e-08','1.50242e-09','-1.36383e-12','1.71068e-10','8.32546e-10','4.60626e-09','-9.97072e-12','0','0','0','1.49116e-09','1.75355e-09','-2.8768e-10','-1.36383e-12','1.39851e-10','-5.81682e-11','-4.41328e-11','-8.388e-10','-1.25842e-12','0','0','0','-1.57006e-09','-4.39303e-09','4.23305e-09','1.71068e-10','-5.81682e-11','6.99473e-11','1.54994e-10','1.07164e-09','-1.30913e-12','0','0','0','-4.73327e-09','-2.08857e-08','2.10086e-08','8.32546e-10','-4.41328e-11','1.54994e-10','5.94052e-08','-3.43724e-09','-1.80161e-11','0','0','0','-2.02922e-08','-1.77728e-08','-4.32207e-09','4.60626e-09','-8.388e-10','1.07164e-09','-3.43724e-09','8.51579e-06','-1.73623e-10','0','0','0','-1.12518e-11','-2.40789e-10','-1.12781e-10','-9.97072e-12','-1.25842e-12','-1.30913e-12','-1.80161e-11','-1.73623e-10','3.8581e-11','0','0','0','0','0','0','0','0','0','0','0','0','0','0','0','0','0','0','0','0','0','0','0','0','0','0','0','0','0','0','0','0','0','0','0','0','0','0','0']

reports.append(Report(577273856, ("DT", -2, 1, 10), "MBwhAst1sec10"))
reports[-1].posNum = 1391
reports[-1].negNum = 0
reports[-1].fittype = "6DOF"
reports[-1].add_parameters(ValErr(0.0110945, 0.000791063, 0), \
                           ValErr(0.13199, 0.00842098, 0), \
                           ValErr(-0.0307403, 0.00598242, 0), \
                           ValErr(0.000253569, 5.57903e-05, 0), \
                           ValErr(-0.000367966, 2.40709e-05, 0), \
                           ValErr(5.50608e-05, 1.31247e-05, 0), \
                           11765.9, 1391, 1391, -nan)
reports[-1].sigmax = ValErr(0.023907, 0.000474773, 0)
reports[-1].sigmay = ValErr(0.152519, 0.00307458, 0)
reports[-1].sigmadxdz = ValErr(0.000823997, 1.67562e-05, 0)
reports[-1].sigmadydz = ValErr(0, 0, 0)
reports[-1].add_stats(0.00268883, 0.0891448, -0.000471683, -0.0120343, 0.0104376, 0.0913779, -0.0003588, -0.0132183, 0.0104376, 0.0913779, -0.0003588, -0.0132183, 0.0106524, 0.0917978, -0.000373276, -0.0133757, 0.0106524, 0.0917978, -0.000373276, -0.0133757, 0.023986, 0.154216, 0.000822368, 0.0249162, 0.023986, 0.154216, 0.000822368, 0.0249162)
reports[-1].CovMatrix = ['6.2578e-07','3.30879e-06','-2.69277e-06','3.77947e-09','1.2214e-09','-1.91871e-10','-2.09374e-08','1.97668e-08','-2.80548e-10','0','0','0','3.30879e-06','7.0913e-05','-4.39667e-05','4.53223e-08','-3.82767e-08','2.09908e-08','-2.58263e-07','-1.91449e-07','-7.17413e-09','0','0','0','-2.69277e-06','-4.39667e-05','3.57893e-05','-2.90548e-08','2.75158e-08','-1.593e-08','2.35706e-07','-1.45982e-07','4.48933e-09','0','0','0','3.77947e-09','4.53223e-08','-2.90548e-08','3.11256e-09','-6.55696e-11','2.53902e-10','-3.60466e-10','-1.39413e-08','-3.53519e-11','0','0','0','1.2214e-09','-3.82767e-08','2.75158e-08','-6.55696e-11','5.79409e-10','-1.519e-10','1.35169e-10','9.48578e-10','3.16901e-11','0','0','0','-1.91871e-10','2.09908e-08','-1.593e-08','2.53902e-10','-1.519e-10','1.72256e-10','-4.7055e-10','9.59487e-10','-4.88423e-13','0','0','0','-2.09374e-08','-2.58263e-07','2.35706e-07','-3.60466e-10','1.35169e-10','-4.7055e-10','2.25409e-07','-3.18233e-08','2.76937e-10','0','0','0','1.97668e-08','-1.91449e-07','-1.45982e-07','-1.39413e-08','9.48578e-10','9.59487e-10','-3.18233e-08','9.45306e-06','5.30432e-09','0','0','0','-2.80548e-10','-7.17413e-09','4.48933e-09','-3.53519e-11','3.16901e-11','-4.88423e-13','2.76937e-10','5.30432e-09','2.80772e-10','0','0','0','0','0','0','0','0','0','0','0','0','0','0','0','0','0','0','0','0','0','0','0','0','0','0','0','0','0','0','0','0','0','0','0','0','0','0','0']

reports.append(Report(577536000, ("DT", -2, 1, 11), "MBwhAst1sec11"))
reports[-1].posNum = 1887
reports[-1].negNum = 0
reports[-1].fittype = "6DOF"
reports[-1].add_parameters(ValErr(0.00738325, 0.00109993, 0), \
                           ValErr(0.173015, 0.00983533, 0), \
                           ValErr(-0.0758484, 0.00750469, 0), \
                           ValErr(0.000288198, 5.24237e-05, 0), \
                           ValErr(-0.00123276, 2.84752e-05, 0), \
                           ValErr(-0.00012891, 1.57307e-05, 0), \
                           14699.5, 1887, 1887, -nan)
reports[-1].sigmax = ValErr(0.0339249, 0.000578769, 0)
reports[-1].sigmay = ValErr(0.153348, 0.00252659, 0)
reports[-1].sigmadxdz = ValErr(0.00112718, 1.86818e-05, 0)
reports[-1].sigmadydz = ValErr(0, 0, 0)
reports[-1].add_stats(0.000408113, 0.0872929, -0.00146883, -0.0116908, 0.00453888, 0.0861999, -0.00162587, -0.0121124, 0.00453888, 0.0861999, -0.00162587, -0.0121124, 0.00478438, 0.084911, -0.00162851, -0.0118296, 0.00478438, 0.084911, -0.00162851, -0.0118296, 0.0332182, 0.147352, 0.0011031, 0.0231738, 0.0332182, 0.147352, 0.0011031, 0.0231738)
reports[-1].CovMatrix = ['1.20985e-06','6.76845e-06','-5.48938e-06','5.35616e-09','3.52295e-09','-2.73875e-09','-1.12146e-08','-1.43778e-07','-1.96724e-11','0','0','0','6.76845e-06','9.67338e-05','-6.88426e-05','8.70103e-08','-2.6502e-08','8.43748e-09','-4.77474e-07','-2.52499e-07','-5.55196e-09','0','0','0','-5.48938e-06','-6.88426e-05','5.63204e-05','-5.59624e-08','2.75374e-08','-7.85906e-09','4.11399e-07','-4.55563e-09','5.0247e-09','0','0','0','5.35616e-09','8.70103e-08','-5.59624e-08','2.74824e-09','1.41612e-10','2.22111e-10','1.34312e-09','-7.18854e-09','3.60785e-11','0','0','0','3.52295e-09','-2.6502e-08','2.75374e-08','1.41612e-10','8.10835e-10','-2.11101e-10','1.69514e-09','-1.72832e-08','9.24028e-11','0','0','0','-2.73875e-09','8.43748e-09','-7.85906e-09','2.22111e-10','-2.11101e-10','2.47454e-10','-1.76875e-09','6.0774e-09','3.71816e-12','0','0','0','-1.12146e-08','-4.77474e-07','4.11399e-07','1.34312e-09','1.69514e-09','-1.76875e-09','3.34974e-07','-6.72197e-08','2.69526e-10','0','0','0','-1.43778e-07','-2.52499e-07','-4.55563e-09','-7.18854e-09','-1.72832e-08','6.0774e-09','-6.72197e-08','6.38365e-06','-5.73877e-10','0','0','0','-1.96724e-11','-5.55196e-09','5.0247e-09','3.60785e-11','9.24028e-11','3.71816e-12','2.69526e-10','-5.73877e-10','3.49009e-10','0','0','0','0','0','0','0','0','0','0','0','0','0','0','0','0','0','0','0','0','0','0','0','0','0','0','0','0','0','0','0','0','0','0','0','0','0','0','0']

reports.append(Report(577798144, ("DT", -2, 1, 12), "MBwhAst1sec12"))
reports[-1].posNum = 2253
reports[-1].negNum = 0
reports[-1].fittype = "6DOF"
reports[-1].add_parameters(ValErr(0.00787249, 0.00103624, 0), \
                           ValErr(0.175715, 0.00890232, 0), \
                           ValErr(-0.0933517, 0.00684873, 0), \
                           ValErr(0.00027113, 5.01069e-05, 0), \
                           ValErr(-0.00133204, 2.52782e-05, 0), \
                           ValErr(-4.67306e-05, 1.55565e-05, 0), \
                           17668.5, 2253, 2253, -nan)
reports[-1].sigmax = ValErr(0.0355157, 0.000550398, 0)
reports[-1].sigmay = ValErr(0.151682, 0.00237218, 0)
reports[-1].sigmadxdz = ValErr(0.00103301, 1.58376e-05, 0)
reports[-1].sigmadydz = ValErr(0, 0, 0)
reports[-1].add_stats(0.000645712, 0.0618769, -0.00145522, -0.00882664, 0.0044815, 0.0629948, -0.00162187, -0.00887053, 0.0044815, 0.0629948, -0.00162187, -0.00887053, 0.00389254, 0.0620972, -0.00160724, -0.00898048, 0.00389254, 0.0620972, -0.00160724, -0.00898048, 0.0346078, 0.142306, 0.0010117, 0.0224745, 0.0346078, 0.142306, 0.0010117, 0.0224745)
reports[-1].CovMatrix = ['1.07379e-06','5.32807e-06','-4.39087e-06','3.71287e-09','4.41444e-09','-3.47279e-09','2.26935e-08','-1.7326e-07','9.55029e-11','0','0','0','5.32807e-06','7.92513e-05','-5.67346e-05','6.64299e-08','-2.2839e-08','1.10047e-08','-1.70332e-07','3.33216e-07','-2.12629e-09','0','0','0','-4.39087e-06','-5.67346e-05','4.6905e-05','-2.91836e-08','2.10948e-08','-8.08878e-09','1.54667e-07','-4.31063e-07','2.15698e-09','0','0','0','3.71287e-09','6.64299e-08','-2.91836e-08','2.5107e-09','7.53701e-11','1.89267e-10','5.17708e-10','-8.27366e-09','3.5494e-11','0','0','0','4.41444e-09','-2.2839e-08','2.10948e-08','7.53701e-11','6.38985e-10','-2.08021e-10','1.67783e-09','-1.65103e-08','6.72997e-11','0','0','0','-3.47279e-09','1.10047e-08','-8.08878e-09','1.89267e-10','-2.08021e-10','2.42005e-10','-2.11219e-09','7.72437e-09','1.10291e-11','0','0','0','2.26935e-08','-1.70332e-07','1.54667e-07','5.17708e-10','1.67783e-09','-2.11219e-09','3.02938e-07','-6.49729e-08','-1.26605e-10','0','0','0','-1.7326e-07','3.33216e-07','-4.31063e-07','-8.27366e-09','-1.65103e-08','7.72437e-09','-6.49729e-08','5.62726e-06','-1.05095e-09','0','0','0','9.55029e-11','-2.12629e-09','2.15698e-09','3.5494e-11','6.72997e-11','1.10291e-11','-1.26605e-10','-1.05095e-09','2.5083e-10','0','0','0','0','0','0','0','0','0','0','0','0','0','0','0','0','0','0','0','0','0','0','0','0','0','0','0','0','0','0','0','0','0','0','0','0','0','0','0']

reports.append(Report(579108864, ("DT", -2, 2, 1), "MBwhAst2sec01"))
reports[-1].posNum = 2562
reports[-1].negNum = 0
reports[-1].fittype = "6DOF"
reports[-1].add_parameters(ValErr(0.0012683, 5.06682e-05, 0), \
                           ValErr(0.00193569, 0.00244173, 0), \
                           ValErr(-0.00066073, 0.000355517, 0), \
                           ValErr(-1.0477e-05, 7.26175e-06, 0), \
                           ValErr(9.49021e-05, 5.5361e-06, 0), \
                           ValErr(-2.25513e-06, 8.8626e-07, 0), \
                           29920, 2562, 2562, -nan)
reports[-1].sigmax = ValErr(0.00198208, 2.76674e-05, 0)
reports[-1].sigmay = ValErr(0.130871, 0.00180156, 0)
reports[-1].sigmadxdz = ValErr(0.000462886, 6.64338e-06, 0)
reports[-1].sigmadydz = ValErr(0, 0, 0)
reports[-1].add_stats(0.000589191, 0.00593794, 0.000174425, 0.000892047, 0.00067894, 0.00121046, 0.000226443, 0.00130108, 0.00067894, 0.00121046, 0.000226443, 0.00130108, 0.000654351, 0.00318683, 0.000217251, 0.000992858, 0.000654351, 0.00318683, 0.000217251, 0.000992858, 0.00195708, 0.130496, 0.000443346, 0.0222678, 0.00195708, 0.130496, 0.000443346, 0.0222678)
reports[-1].CovMatrix = ['2.56726e-09','1.39314e-09','2.26814e-09','-2.12844e-13','1.56839e-10','-6.01506e-12','-9.49128e-11','7.07645e-10','-5.22672e-11','0','0','0','1.39314e-09','5.96203e-06','-1.03261e-07','-1.44998e-09','7.94539e-10','1.66742e-10','-2.35079e-09','-2.87265e-07','-8.48864e-10','0','0','0','2.26814e-09','-1.03261e-07','1.26393e-07','2.66519e-10','-4.68223e-10','-3.48622e-11','5.3715e-10','9.70708e-09','1.71467e-10','0','0','0','-2.12844e-13','-1.44998e-09','2.66519e-10','5.2733e-11','-5.12241e-12','-2.02961e-12','9.87945e-12','-3.00079e-10','1.59704e-12','0','0','0','1.56839e-10','7.94539e-10','-4.68223e-10','-5.12241e-12','3.06484e-11','-1.94305e-13','-2.51272e-11','-5.62554e-11','-9.94408e-12','0','0','0','-6.01506e-12','1.66742e-10','-3.48622e-11','-2.02961e-12','-1.94305e-13','7.85457e-13','-1.46557e-12','3.63206e-11','1.93379e-14','0','0','0','-9.49128e-11','-2.35079e-09','5.3715e-10','9.87945e-12','-2.51272e-11','-1.46557e-12','7.65483e-10','-5.55077e-10','1.07728e-11','0','0','0','7.07645e-10','-2.87265e-07','9.70708e-09','-3.00079e-10','-5.62554e-11','3.63206e-11','-5.55077e-10','3.24563e-06','-1.14801e-10','0','0','0','-5.22672e-11','-8.48864e-10','1.71467e-10','1.59704e-12','-9.94408e-12','1.93379e-14','1.07728e-11','-1.14801e-10','4.41345e-11','0','0','0','0','0','0','0','0','0','0','0','0','0','0','0','0','0','0','0','0','0','0','0','0','0','0','0','0','0','0','0','0','0','0','0','0','0','0','0']

reports.append(Report(579371008, ("DT", -2, 2, 2), "MBwhAst2sec02"))
reports[-1].posNum = 2331
reports[-1].negNum = 0
reports[-1].fittype = "6DOF"
reports[-1].add_parameters(ValErr(0.0011555, 7.3259e-05, 0), \
                           ValErr(0.00403687, 0.00286143, 0), \
                           ValErr(-0.0029347, 0.000465007, 0), \
                           ValErr(1.65499e-05, 9.96298e-06, 0), \
                           ValErr(0.000217956, 8.38939e-06, 0), \
                           ValErr(1.8934e-05, 1.19432e-06, 0), \
                           26644.1, 2331, 2331, -nan)
reports[-1].sigmax = ValErr(0.0024861, 4.19862e-05, 0)
reports[-1].sigmay = ValErr(0.136144, 0.00199721, 0)
reports[-1].sigmadxdz = ValErr(0.000454609, 7.84489e-06, 0)
reports[-1].sigmadydz = ValErr(0, 0, 0)
reports[-1].add_stats(0.000146448, -0.00014734, 0.000453912, 0.00143313, -4.74552e-05, 0.000504158, 0.000464574, 0.00095314, -4.74552e-05, 0.000504158, 0.000464574, 0.00095314, 7.77603e-05, -0.00244157, 0.000469268, 0.00162747, 7.77603e-05, -0.00244157, 0.000469268, 0.00162747, 0.00242884, 0.134027, 0.000395359, 0.0230136, 0.00242884, 0.134027, 0.000395359, 0.0230136)
reports[-1].CovMatrix = ['5.36688e-09','-2.29954e-09','3.30204e-09','-1.98649e-11','4.09898e-10','-1.11902e-11','-9.91874e-10','5.55784e-09','-1.97197e-10','0','0','0','-2.29954e-09','8.1878e-06','-2.25717e-07','-1.45923e-10','9.779e-10','4.40627e-11','-2.51681e-09','2.23383e-08','-5.0495e-10','0','0','0','3.30204e-09','-2.25717e-07','2.16231e-07','5.3873e-11','-7.573e-10','-4.57707e-11','1.98012e-09','-1.00232e-08','3.97395e-10','0','0','0','-1.98649e-11','-1.45923e-10','5.3873e-11','9.92609e-11','-1.20459e-11','-3.47178e-12','3.30492e-11','-2.20991e-10','6.80882e-12','0','0','0','4.09898e-10','9.779e-10','-7.573e-10','-1.20459e-11','7.03819e-11','-5.49093e-13','-1.72997e-10','9.4981e-10','-3.44684e-11','0','0','0','-1.11902e-11','4.40627e-11','-4.57707e-11','-3.47178e-12','-5.49093e-13','1.4264e-12','-2.66745e-12','-2.10684e-11','-4.10092e-13','0','0','0','-9.91874e-10','-2.51681e-09','1.98012e-09','3.30492e-11','-1.72997e-10','-2.66745e-12','1.76284e-09','-2.28896e-09','8.67004e-11','0','0','0','5.55784e-09','2.23383e-08','-1.00232e-08','-2.20991e-10','9.4981e-10','-2.10684e-11','-2.28896e-09','3.98885e-06','-4.57801e-10','0','0','0','-1.97197e-10','-5.0495e-10','3.97395e-10','6.80882e-12','-3.44684e-11','-4.10092e-13','8.67004e-11','-4.57801e-10','6.15424e-11','0','0','0','0','0','0','0','0','0','0','0','0','0','0','0','0','0','0','0','0','0','0','0','0','0','0','0','0','0','0','0','0','0','0','0','0','0','0','0']

reports.append(Report(579633152, ("DT", -2, 2, 3), "MBwhAst2sec03"))
reports[-1].posNum = 2356
reports[-1].negNum = 0
reports[-1].fittype = "6DOF"
reports[-1].add_parameters(ValErr(0.00315836, 0.00011394, 0), \
                           ValErr(0.0324699, 0.00308976, 0), \
                           ValErr(-0.0056411, 0.000758482, 0), \
                           ValErr(6.39585e-06, 1.48973e-05, 0), \
                           ValErr(0.000360038, 1.37813e-05, 0), \
                           ValErr(1.57038e-05, 1.80252e-06, 0), \
                           24780.5, 2356, 2356, -nan)
reports[-1].sigmax = ValErr(0.00370142, 6.54391e-05, 0)
reports[-1].sigmay = ValErr(0.145558, 0.00212833, 0)
reports[-1].sigmadxdz = ValErr(0.000711131, 1.30443e-05, 0)
reports[-1].sigmadydz = ValErr(0, 0, 0)
reports[-1].add_stats(0.00112012, 0.0232648, 0.000671226, -0.00265794, 0.00147979, 0.0264233, 0.000785266, -0.00328, 0.00147979, 0.0264233, 0.000785266, -0.00328, 0.00150288, 0.0256172, 0.000781668, -0.00311845, 0.00150288, 0.0256172, 0.000781668, -0.00311845, 0.00339328, 0.142661, 0.000585107, 0.0239447, 0.00339328, 0.142661, 0.000585107, 0.0239447)
reports[-1].CovMatrix = ['1.29822e-08','-3.7172e-09','5.1784e-09','5.89924e-11','9.98198e-10','-6.14251e-11','-2.51227e-09','-1.26393e-08','5.39885e-10','0','0','0','-3.7172e-09','9.54662e-06','-5.48783e-07','-4.84532e-10','3.35838e-09','1.24234e-10','-9.22975e-09','-5.44311e-08','1.99384e-09','0','0','0','5.1784e-09','-5.48783e-07','5.75295e-07','3.11421e-09','-3.58034e-09','-2.4198e-10','9.63315e-09','5.41246e-08','-2.12166e-09','0','0','0','5.89924e-11','-4.84532e-10','3.11421e-09','2.2193e-10','-3.46079e-11','-9.67754e-12','7.58344e-11','1.02701e-09','-1.97727e-11','0','0','0','9.98198e-10','3.35838e-09','-3.58034e-09','-3.46079e-11','1.89926e-10','-5.84871e-14','-5.04683e-10','-2.44279e-09','1.08381e-10','0','0','0','-6.14251e-11','1.24234e-10','-2.4198e-10','-9.67754e-12','-5.84871e-14','3.24909e-12','-8.66272e-12','6.34601e-12','1.62994e-12','0','0','0','-2.51227e-09','-9.22975e-09','9.63315e-09','7.58344e-11','-5.04683e-10','-8.66272e-12','4.28228e-09','6.33909e-09','-2.93634e-10','0','0','0','-1.26393e-08','-5.44311e-08','5.41246e-08','1.02701e-09','-2.44279e-09','6.34601e-12','6.33909e-09','4.52981e-06','-1.3753e-09','0','0','0','5.39885e-10','1.99384e-09','-2.12166e-09','-1.97727e-11','1.08381e-10','1.62994e-12','-2.93634e-10','-1.3753e-09','1.70153e-10','0','0','0','0','0','0','0','0','0','0','0','0','0','0','0','0','0','0','0','0','0','0','0','0','0','0','0','0','0','0','0','0','0','0','0','0','0','0','0']

reports.append(Report(579895296, ("DT", -2, 2, 4), "MBwhAst2sec04"))
reports[-1].posNum = 2397
reports[-1].negNum = 0
reports[-1].fittype = "6DOF"
reports[-1].add_parameters(ValErr(0.00101517, 5.91831e-05, 0), \
                           ValErr(0.0518041, 0.00302722, 0), \
                           ValErr(-0.0012896, 0.000409256, 0), \
                           ValErr(1.19516e-05, 8.56673e-06, 0), \
                           ValErr(9.60634e-05, 6.29662e-06, 0), \
                           ValErr(-3.6912e-08, 1.11307e-06, 0), \
                           27437.4, 2397, 2397, -nan)
reports[-1].sigmax = ValErr(0.00211188, 3.1246e-05, 0)
reports[-1].sigmay = ValErr(0.146814, 0.00212095, 0)
reports[-1].sigmadxdz = ValErr(0.000488296, 7.24355e-06, 0)
reports[-1].sigmadydz = ValErr(0, 0, 0)
reports[-1].add_stats(0.000458964, 0.0492532, 0.000171467, -0.00615025, 0.000469701, 0.0506872, 0.000225143, -0.0069989, 0.000469701, 0.0506872, 0.000225143, -0.0069989, 0.000461119, 0.0519857, 0.000213285, -0.00722836, 0.000461119, 0.0519857, 0.000213285, -0.00722836, 0.00208619, 0.146522, 0.000471306, 0.0246851, 0.00208619, 0.146522, 0.000471306, 0.0246851)
reports[-1].CovMatrix = ['3.50264e-09','-4.73788e-09','4.14644e-09','3.62054e-11','2.13092e-10','-1.52792e-11','-2.19305e-10','-8.73738e-10','-5.18893e-11','0','0','0','-4.73788e-09','9.16404e-06','-1.69045e-07','-3.0681e-10','5.77997e-10','7.16775e-11','-6.41726e-10','-1.53669e-08','-1.68239e-10','0','0','0','4.14644e-09','-1.69045e-07','1.6749e-07','5.62993e-10','-6.90978e-10','-8.19674e-11','7.50161e-10','6.39027e-09','1.97985e-10','0','0','0','3.62054e-11','-3.0681e-10','5.62993e-10','7.33888e-11','-8.38047e-12','-4.37413e-12','6.53722e-12','3.22979e-10','2.64177e-12','0','0','0','2.13092e-10','5.77997e-10','-6.90978e-10','-8.38047e-12','3.96474e-11','-1.34995e-13','-4.18736e-11','-2.23252e-10','-1.02547e-11','0','0','0','-1.52792e-11','7.16775e-11','-8.19674e-11','-4.37413e-12','-1.34995e-13','1.23893e-12','-9.84104e-13','-1.23408e-11','-2.66423e-13','0','0','0','-2.19305e-10','-6.41726e-10','7.50161e-10','6.53722e-12','-4.18736e-11','-9.84104e-13','9.76311e-10','2.21501e-10','1.1172e-11','0','0','0','-8.73738e-10','-1.53669e-08','6.39027e-09','3.22979e-10','-2.23252e-10','-1.23408e-11','2.21501e-10','4.49843e-06','5.84858e-11','0','0','0','-5.18893e-11','-1.68239e-10','1.97985e-10','2.64177e-12','-1.02547e-11','-2.66423e-13','1.1172e-11','5.84858e-11','5.2469e-11','0','0','0','0','0','0','0','0','0','0','0','0','0','0','0','0','0','0','0','0','0','0','0','0','0','0','0','0','0','0','0','0','0','0','0','0','0','0','0']

reports.append(Report(580157440, ("DT", -2, 2, 5), "MBwhAst2sec05"))
reports[-1].posNum = 2002
reports[-1].negNum = 0
reports[-1].fittype = "6DOF"
reports[-1].add_parameters(ValErr(-0.00180749, 8.63683e-05, 0), \
                           ValErr(0.0336449, 0.00303207, 0), \
                           ValErr(-0.000454406, 0.000575345, 0), \
                           ValErr(-1.67556e-05, 1.36273e-05, 0), \
                           ValErr(-0.000221877, 1.07812e-05, 0), \
                           ValErr(-2.39027e-05, 1.71972e-06, 0), \
                           22647.6, 2002, 2002, -nan)
reports[-1].sigmax = ValErr(0.00230969, 4.58362e-05, 0)
reports[-1].sigmay = ValErr(0.133856, 0.00211705, 0)
reports[-1].sigmadxdz = ValErr(0.000559938, 1.12767e-05, 0)
reports[-1].sigmadydz = ValErr(0, 0, 0)
