nan = None;  NAN = None
nan = 0
reports = []
class ValErr:
    def __init__(self, value, error, antisym):
        self.value, self.error, self.antisym = value, error, antisym

    def __repr__(self):
        if self.antisym == 0.:
            return "%g +- %g" % (self.value, self.error)
        else:
            return "%g +- %g ~ %g" % (self.value, self.error, self.antisym)

class Report:
    def __init__(self, chamberId, postal_address, name):
        self.chamberId, self.postal_address, self.name = chamberId, postal_address, name
        self.status = "NOFIT"
        self.fittype = None
        self.CovMatrix = None

    def add_parameters(self, deltax, deltay, deltaz, deltaphix, deltaphiy, deltaphiz, loglikelihood, numsegments, sumofweights, redchi2):
        self.status = "PASS"
        self.deltax, self.deltay, self.deltaz, self.deltaphix, self.deltaphiy, self.deltaphiz = deltax, deltay, deltaz, deltaphix, deltaphiy, deltaphiz
        self.loglikelihood, self.numsegments, self.sumofweights, self.redchi2 = loglikelihood, numsegments, sumofweights, redchi2

    def add_stats(self, median_x, median_y, median_dxdz, median_dydz, mean30_x, mean30_y, mean20_dxdz, mean50_dydz, mean15_x, mean15_y, mean10_dxdz, mean25_dydz, wmean30_x, wmean30_y, wmean20_dxdz, wmean50_dydz, wmean15_x, wmean15_y, wmean10_dxdz, wmean25_dydz, stdev30_x, stdev30_y, stdev20_dxdz, stdev50_dydz, stdev15_x, stdev15_y, stdev10_dxdz, stdev25_dydz):
        self.median_x, self.median_y, self.median_dxdz, self.median_dydz, self.mean30_x, self.mean30_y, self.mean20_dxdz, self.mean50_dydz, self.mean15_x, self.mean15_y, self.mean10_dxdz, self.mean25_dydz, self.wmean30_x, self.wmean30_y, self.wmean20_dxdz, self.wmean50_dydz, self.wmean15_x, self.wmean15_y, self.wmean10_dxdz, self.wmean25_dydz, self.stdev30_x, self.stdev30_y, self.stdev20_dxdz, self.stdev50_dydz, self.stdev15_x, self.stdev15_y, self.stdev10_dxdz, self.stdev25_dydz = median_x, median_y, median_dxdz, median_dydz, mean30_x, mean30_y, mean20_dxdz, mean50_dydz, mean15_x, mean15_y, mean10_dxdz, mean25_dydz, wmean30_x, wmean30_y, wmean20_dxdz, wmean50_dydz, wmean15_x, wmean15_y, wmean10_dxdz, wmean25_dydz, stdev30_x, stdev30_y, stdev20_dxdz, stdev50_dydz, stdev15_x, stdev15_y, stdev10_dxdz, stdev25_dydz

    def __repr__(self):
        return "<Report %s %s %s>" % (self.postal_address[0], " ".join(map(str, self.postal_address[1:])), self.status)

reports.append(Report(574914560, ("DT", -2, 1, 1), "MBwhAst1sec01"))
reports[-1].posNum = 7
reports[-1].negNum = 0
reports[-1].fittype = "6DOF"
reports[-1].add_parameters(ValErr(-0.0318591, 0.0397899, 0), \
                           ValErr(-0.0393615, 0.228957, 0), \
                           ValErr(0.0340851, 0.18506, 0), \
                           ValErr(-0.00276761, 0.00101231, 0), \
                           ValErr(-0.00096352, 0.000427169, 0), \
                           ValErr(-0.00077511, 0.000361688, 0), \
                           55.798, 7, 7, -nan)
reports[-1].sigmax = ValErr(0.0516804, 0.0148794, 0)
reports[-1].sigmay = ValErr(0.0713004, 0.0197544, 0)
reports[-1].sigmadxdz = ValErr(0.0013276, 0.000368913, 0)
reports[-1].sigmadydz = ValErr(0, 0, 0)
reports[-1].add_stats(-0.010416, 0.16088, -0.00080097, -0.0273555, -0.038606, 0.135906, -0.00117055, -0.0197013, -0.038606, 0.135906, -0.00117055, -0.0197013, -0.0187079, 0.126707, -0.000988736, -0.0207711, -0.0187079, 0.126707, -0.000988736, -0.0207711, 0.0622983, 0.106258, 0.00137137, 0.0167559, 0.0622983, 0.106258, 0.00137137, 0.0167559)
reports[-1].CovMatrix = ['0.00158324','0.00715302','-0.00548146','1.55186e-05','2.3277e-06','-6.90685e-06','-0.000125735','7.33469e-05','1.92533e-06','0','0','0','0.00715302','0.0524213','-0.040895','0.000108165','2.3113e-06','-1.2511e-05','-0.000430298','0.000180064','8.06691e-06','0','0','0','-0.00548146','-0.040895','0.0342474','-4.84639e-05','1.01793e-05','5.63703e-06','0.000194927','2.76274e-05','-5.70757e-06','0','0','0','1.55186e-05','0.000108165','-4.84639e-05','1.02478e-06','1.72259e-07','-4.45765e-08','-3.16614e-06','2.78942e-06','3.19759e-08','0','0','0','2.3277e-06','2.3113e-06','1.01793e-05','1.72259e-07','1.82474e-07','-3.73022e-08','-7.86197e-07','2.0103e-06','-1.65384e-08','0','0','0','-6.90685e-06','-1.2511e-05','5.63703e-06','-4.45765e-08','-3.73022e-08','1.30818e-07','1.77259e-06','-1.13299e-06','-2.45688e-08','0','0','0','-0.000125735','-0.000430298','0.000194927','-3.16614e-06','-7.86197e-07','1.77259e-06','0.000221429','-2.03532e-05','-4.15904e-07','0','0','0','7.33469e-05','0.000180064','2.76274e-05','2.78942e-06','2.0103e-06','-1.13299e-06','-2.03532e-05','0.000390308','2.57741e-08','0','0','0','1.92533e-06','8.06691e-06','-5.70757e-06','3.19759e-08','-1.65384e-08','-2.45688e-08','-4.15904e-07','2.57741e-08','1.36144e-07','0','0','0','0','0','0','0','0','0','0','0','0','0','0','0','0','0','0','0','0','0','0','0','0','0','0','0','0','0','0','0','0','0','0','0','0','0','0','0']

reports.append(Report(575176704, ("DT", -2, 1, 2), "MBwhAst1sec02"))
reports[-1].posNum = 1
reports[-1].negNum = 0
reports[-1].status = "TOOFEWHITS"

reports.append(Report(575438848, ("DT", -2, 1, 3), "MBwhAst1sec03"))
reports[-1].posNum = 1
reports[-1].negNum = 0
reports[-1].status = "TOOFEWHITS"

reports.append(Report(575700992, ("DT", -2, 1, 4), "MBwhAst1sec04"))
reports[-1].posNum = 2
reports[-1].negNum = 0
reports[-1].status = "TOOFEWHITS"

reports.append(Report(575963136, ("DT", -2, 1, 5), "MBwhAst1sec05"))
reports[-1].posNum = 8
reports[-1].negNum = 0
reports[-1].fittype = "6DOF"
reports[-1].add_parameters(ValErr(0.0220706, 0.0253732, 0), \
                           ValErr(0.549856, 0.447337, 0), \
                           ValErr(-0.306671, 0.367661, 0), \
                           ValErr(0.00146627, 0.00101839, 0), \
                           ValErr(0.000351858, 0.000529868, 0), \
                           ValErr(-0.000211087, 0.000352777, 0), \
                           59.6296, 8, 8, -nan)
reports[-1].sigmax = ValErr(0.058419, 0.0144914, 0)
reports[-1].sigmay = ValErr(0.138549, 0.0367678, 0)
reports[-1].sigmadxdz = ValErr(0.00101401, 0.000253157, 0)
reports[-1].sigmadydz = ValErr(0, 0, 0)
reports[-1].add_stats(-0.00246429, 0.180663, 1.57404e-05, -0.0183012, 0.00807037, 0.169255, 6.46128e-05, -0.0203066, 0.00807037, 0.169255, 6.46128e-05, -0.0203066, 0.00687684, 0.108822, 0.000303132, -0.0144088, 0.00687684, 0.108822, 0.000303132, -0.0144088, 0.0610693, 0.155673, 0.000986637, 0.0175924, 0.0610693, 0.155673, 0.000986637, 0.0175924)
reports[-1].CovMatrix = ['0.0006438','0.00517031','-0.00441171','8.19276e-06','5.14499e-06','-4.38418e-06','-1.88848e-05','-7.42051e-05','4.48876e-07','0','0','0','0.00517031','0.20011','-0.163132','0.000317657','4.04492e-05','-2.99778e-05','3.97791e-05','-0.00289102','8.08321e-06','0','0','0','-0.00441171','-0.163132','0.135175','-0.000252012','-4.04102e-05','2.94239e-05','-9.49124e-06','0.00223263','-7.09778e-06','0','0','0','8.19276e-06','0.000317657','-0.000252012','1.03712e-06','1.10692e-07','-5.59181e-08','7.22256e-07','-6.75925e-06','1.53544e-08','0','0','0','5.14499e-06','4.04492e-05','-4.04102e-05','1.10692e-07','2.8076e-07','-1.39691e-07','-6.91233e-07','-1.20738e-06','1.00731e-08','0','0','0','-4.38418e-06','-2.99778e-05','2.94239e-05','-5.59181e-08','-1.39691e-07','1.24451e-07','5.33007e-07','7.06226e-07','-8.53863e-09','0','0','0','-1.88848e-05','3.97791e-05','-9.49124e-06','7.22256e-07','-6.91233e-07','5.33007e-07','0.000210027','1.18907e-05','7.95625e-08','0','0','0','-7.42051e-05','-0.00289102','0.00223263','-6.75925e-06','-1.20738e-06','7.06226e-07','1.18907e-05','0.00135232','-1.07803e-08','0','0','0','4.48876e-07','8.08321e-06','-7.09778e-06','1.53544e-08','1.00731e-08','-8.53863e-09','7.95625e-08','-1.07803e-08','6.41019e-08','0','0','0','0','0','0','0','0','0','0','0','0','0','0','0','0','0','0','0','0','0','0','0','0','0','0','0','0','0','0','0','0','0','0','0','0','0','0','0']

reports.append(Report(576225280, ("DT", -2, 1, 6), "MBwhAst1sec06"))
reports[-1].posNum = 6
reports[-1].negNum = 0
reports[-1].fittype = "6DOF"
reports[-1].add_parameters(ValErr(0.0311361, 0.0141393, 0), \
                           ValErr(0.257022, 0.134922, 0), \
                           ValErr(-0.222926, 0.102137, 0), \
                           ValErr(0.00127764, 0.00076493, 0), \
                           ValErr(0.000535145, 0.000398742, 0), \
                           ValErr(-0.000250591, 0.000173286, 0), \
                           54.7534, 6, 6, -nan)
reports[-1].sigmax = ValErr(0.015884, 0.00475693, 0)
reports[-1].sigmay = ValErr(0.120067, 0.0363023, 0)
reports[-1].sigmadxdz = ValErr(0.000808979, 0.000247363, 0)
reports[-1].sigmadydz = ValErr(0, 0, 0)
reports[-1].add_stats(0.001899, 0.00123513, -8.11329e-05, 0.000392068, 0.00351473, -0.0326932, -4.95716e-05, 0.00483314, 0.00351473, -0.0326932, -4.95716e-05, 0.00483314, 0.0226934, 0.0925116, 0.000516605, -0.0138286, 0.0226934, 0.0925116, 0.000516605, -0.0138286, 0.0233925, 0.142462, 0.000804159, 0.0218474, 0.0233925, 0.142462, 0.000804159, 0.0218474)
reports[-1].CovMatrix = ['0.000199921','0.0015276','-0.00124368','-5.13313e-07','1.00375e-06','-1.3376e-06','-8.38881e-06','2.06986e-05','1.14339e-07','0','0','0','0.0015276','0.018204','-0.0128062','1.14352e-05','4.62293e-06','-9.27836e-06','-7.49911e-05','5.26208e-05','4.98226e-08','0','0','0','-0.00124368','-0.0128062','0.010432','-5.6251e-06','-1.94208e-06','7.63056e-06','6.30584e-05','-0.000128862','1.71698e-07','0','0','0','-5.13313e-07','1.14352e-05','-5.6251e-06','5.85117e-07','4.73923e-08','5.10767e-08','1.15914e-06','-8.53762e-06','-3.92166e-09','0','0','0','1.00375e-06','4.62293e-06','-1.94208e-06','4.73923e-08','1.58995e-07','-2.66716e-08','-1.09525e-07','-2.28537e-06','2.20534e-08','0','0','0','-1.3376e-06','-9.27836e-06','7.63056e-06','5.10767e-08','-2.66716e-08','3.0028e-08','1.01105e-07','-4.3816e-07','-2.86233e-09','0','0','0','-8.38881e-06','-7.49911e-05','6.30584e-05','1.15914e-06','-1.09525e-07','1.01105e-07','2.26294e-05','-1.99524e-05','-4.78811e-08','0','0','0','2.06986e-05','5.26208e-05','-0.000128862','-8.53762e-06','-2.28537e-06','-4.3816e-07','-1.99524e-05','0.00131834','-1.92309e-07','0','0','0','1.14339e-07','4.98226e-08','1.71698e-07','-3.92166e-09','2.20534e-08','-2.86233e-09','-4.78811e-08','-1.92309e-07','6.12041e-08','0','0','0','0','0','0','0','0','0','0','0','0','0','0','0','0','0','0','0','0','0','0','0','0','0','0','0','0','0','0','0','0','0','0','0','0','0','0','0']

reports.append(Report(576487424, ("DT", -2, 1, 7), "MBwhAst1sec07"))
reports[-1].posNum = 1
reports[-1].negNum = 0
reports[-1].status = "TOOFEWHITS"

reports.append(Report(576749568, ("DT", -2, 1, 8), "MBwhAst1sec08"))
reports[-1].posNum = 9
reports[-1].negNum = 0
reports[-1].fittype = "6DOF"
reports[-1].add_parameters(ValErr(-0.00979599, 0.0266781, 0), \
                           ValErr(0.26178, 0.170529, 0), \
                           ValErr(-0.12977, 0.138318, 0), \
                           ValErr(0.00182345, 0.0015433, 0), \
                           ValErr(-0.000477663, 0.000492567, 0), \
                           ValErr(0.000799006, 0.000440518, 0), \
                           63.6516, 9, 9, -nan)
reports[-1].sigmax = ValErr(0.053004, 0.0129187, 0)
reports[-1].sigmay = ValErr(0.118948, 0.0287004, 0)
reports[-1].sigmadxdz = ValErr(0.00190586, 0.00045491, 0)
reports[-1].sigmadydz = ValErr(0, 0, 0)
reports[-1].add_stats(-0.00350189, 0.102651, -0.000225971, -0.0137283, -0.0100932, 0.0796342, 1.86962e-05, -0.0109264, -0.0100932, 0.0796342, 1.86962e-05, -0.0109264, 0.0096712, -0.0186076, 0.000386183, 0.00233414, 0.0096712, -0.0186076, 0.000386183, 0.00233414, 0.0631026, 0.13142, 0.0019354, 0.0204708, 0.0631026, 0.13142, 0.0019354, 0.0204708)
reports[-1].CovMatrix = ['0.000711722','0.00291357','-0.00235717','1.24661e-06','1.90376e-06','-4.45812e-06','4.59832e-05','-7.23659e-05','-4.78425e-07','0','0','0','0.00291357','0.0290801','-0.0223674','3.54869e-05','-3.4605e-06','-4.1105e-06','0.000152985','-0.000202841','-2.14045e-06','0','0','0','-0.00235717','-0.0223674','0.0191319','1.67688e-05','9.03322e-06','3.76701e-06','-0.000114694','0.000206753','7.81583e-07','0','0','0','1.24661e-06','3.54869e-05','1.67688e-05','2.38176e-06','1.58148e-07','1.32321e-07','-2.5192e-07','3.86194e-06','-5.05914e-08','0','0','0','1.90376e-06','-3.4605e-06','9.03322e-06','1.58148e-07','2.42622e-07','-4.73867e-08','5.62142e-07','-1.91137e-06','1.07998e-08','0','0','0','-4.45812e-06','-4.1105e-06','3.76701e-06','1.32321e-07','-4.73867e-08','1.94056e-07','-1.38338e-06','2.01871e-06','1.76123e-08','0','0','0','4.59832e-05','0.000152985','-0.000114694','-2.5192e-07','5.62142e-07','-1.38338e-06','0.00016691','-1.60617e-05','-1.28698e-07','0','0','0','-7.23659e-05','-0.000202841','0.000206753','3.86194e-06','-1.91137e-06','2.01871e-06','-1.60617e-05','0.000823905','-3.79818e-08','0','0','0','-4.78425e-07','-2.14045e-06','7.81583e-07','-5.05914e-08','1.07998e-08','1.76123e-08','-1.28698e-07','-3.79818e-08','2.07019e-07','0','0','0','0','0','0','0','0','0','0','0','0','0','0','0','0','0','0','0','0','0','0','0','0','0','0','0','0','0','0','0','0','0','0','0','0','0','0','0']

reports.append(Report(577011712, ("DT", -2, 1, 9), "MBwhAst1sec09"))
reports[-1].posNum = 10
reports[-1].negNum = 0
reports[-1].fittype = "6DOF"
reports[-1].add_parameters(ValErr(-0.0198315, 0.0196258, 0), \
                           ValErr(-0.17524, 0.175598, 0), \
                           ValErr(0.185697, 0.140548, 0), \
                           ValErr(-1.74751e-05, 0.000545005, 0), \
                           ValErr(0.000105995, 0.000340633, 0), \
                           ValErr(0.000205491, 0.000220346, 0), \
                           81.6814, 10, 10, -nan)
reports[-1].sigmax = ValErr(0.0461956, 0.0107844, 0)
reports[-1].sigmay = ValErr(0.116159, 0.0274914, 0)
reports[-1].sigmadxdz = ValErr(0.000748518, 0.000168732, 0)
reports[-1].sigmadydz = ValErr(0, 0, 0)
reports[-1].add_stats(0.00518417, 0.0930775, 0.000222906, -0.0116554, -0.0036617, 0.0537202, 0.000288598, -0.0106603, -0.0036617, 0.0537202, 0.000288598, -0.0106603, -0.0230162, 0.0659044, 0.000461736, -0.0161554, -0.0230162, 0.0659044, 0.000461736, -0.0161554, 0.0536885, 0.115344, 0.000737581, 0.0162967, 0.0536885, 0.115344, 0.000737581, 0.0162967)
reports[-1].CovMatrix = ['0.000385173','0.00219905','-0.00178782','2.57694e-06','1.23473e-06','-9.13667e-07','3.56733e-05','-3.10723e-05','-9.94459e-08','0','0','0','0.00219905','0.0308348','-0.0241504','3.65602e-05','9.48207e-06','-8.8622e-06','0.00040379','-0.000239027','-1.26498e-06','0','0','0','-0.00178782','-0.0241504','0.0197538','-3.22516e-05','-8.37016e-06','7.42245e-06','-0.000318865','0.000305435','1.05257e-06','0','0','0','2.57694e-06','3.65602e-05','-3.22516e-05','2.9703e-07','6.7355e-08','-2.4243e-08','6.36985e-07','-1.37864e-06','-3.06247e-10','0','0','0','1.23473e-06','9.48207e-06','-8.37016e-06','6.7355e-08','1.16031e-07','-5.39407e-08','8.24074e-07','-2.46227e-06','1.39867e-09','0','0','0','-9.13667e-07','-8.8622e-06','7.42245e-06','-2.4243e-08','-5.39407e-08','4.85526e-08','-6.67842e-07','1.55395e-06','2.14053e-09','0','0','0','3.56733e-05','0.00040379','-0.000318865','6.36985e-07','8.24074e-07','-6.67842e-07','0.000116313','-2.3129e-05','-3.63379e-08','0','0','0','-3.10723e-05','-0.000239027','0.000305435','-1.37864e-06','-2.46227e-06','1.55395e-06','-2.3129e-05','0.000755942','1.07885e-08','0','0','0','-9.94459e-08','-1.26498e-06','1.05257e-06','-3.06247e-10','1.39867e-09','2.14053e-09','-3.63379e-08','1.07885e-08','2.8474e-08','0','0','0','0','0','0','0','0','0','0','0','0','0','0','0','0','0','0','0','0','0','0','0','0','0','0','0','0','0','0','0','0','0','0','0','0','0','0','0']

reports.append(Report(577273856, ("DT", -2, 1, 10), "MBwhAst1sec10"))
reports[-1].posNum = 2
reports[-1].negNum = 0
reports[-1].status = "TOOFEWHITS"

reports.append(Report(577536000, ("DT", -2, 1, 11), "MBwhAst1sec11"))
reports[-1].posNum = 4
reports[-1].negNum = 0
reports[-1].status = "TOOFEWHITS"

reports.append(Report(577798144, ("DT", -2, 1, 12), "MBwhAst1sec12"))
reports[-1].posNum = 3
reports[-1].negNum = 0
reports[-1].status = "TOOFEWHITS"

reports.append(Report(579108864, ("DT", -2, 2, 1), "MBwhAst2sec01"))
reports[-1].posNum = 5
reports[-1].negNum = 0
reports[-1].fittype = "6DOF"
reports[-1].add_parameters(ValErr(-0.00237998, 1.47633e-16, 0), \
                           ValErr(0.00815684, 5.7965e-12, 0), \
                           ValErr(-0.0204939, 1.26701e-15, 0), \
                           ValErr(-0.00102305, 6.29124e-17, 0), \
                           ValErr(8.2808e-05, 5.65114e-18, 0), \
                           ValErr(0.000187253, 1.15113e-17, 0), \
                           167.08, 5, 5, -1)
reports[-1].sigmax = ValErr(1.8624e-12, 8.83901e-07, 0)
reports[-1].sigmay = ValErr(0.122933, 6.38711e-12, 0)
reports[-1].sigmadxdz = ValErr(0.000313523, 3.24046e-14, 0)
reports[-1].sigmadydz = ValErr(0, 0, 0)
reports[-1].add_stats(0.00150126, -0.0255265, 0.000123149, 0.00593444, 0.000409927, -0.0209329, 7.77927e-05, 0.00414427, 0.000409927, -0.0209329, 7.77927e-05, 0.00414427, 0.000126092, -0.136767, 0.000239378, 0.022883, 0.000126092, -0.136767, 0.000239378, 0.022883, 0.00162545, 0.12235, 0.00021811, 0.0200458, 0.00162545, 0.12235, 0.00021811, 0.0200458)
reports[-1].CovMatrix = ['2.17954e-32','1.12579e-45','1.83455e-31','9.15778e-33','7.41137e-34','1.67623e-33','3.74541e-25','9.42116e-50','1.01152e-51','0','0','0','1.12579e-45','3.35994e-23','9.69385e-45','4.83901e-46','3.91619e-47','8.85727e-47','1.97909e-38','-3.84603e-46','7.1949e-52','0','0','0','1.83455e-31','9.69385e-45','1.60532e-30','7.88547e-32','6.38169e-33','1.44335e-32','3.22505e-24','8.06742e-49','8.75514e-51','0','0','0','9.15778e-33','4.83901e-46','7.88547e-32','3.95798e-33','3.18563e-34','7.20495e-34','1.60989e-25','4.0495e-50','4.34783e-52','0','0','0','7.41137e-34','3.91619e-47','6.38169e-33','3.18563e-34','3.19354e-35','5.83095e-35','1.30288e-26','3.26061e-51','3.55228e-53','0','0','0','1.67623e-33','8.85727e-47','1.44335e-32','7.20495e-34','5.83095e-35','1.3251e-34','2.94673e-26','7.46048e-51','7.98261e-53','0','0','0','3.74541e-25','1.97909e-38','3.22505e-24','1.60989e-25','1.30288e-26','2.94673e-26','6.58423e-18','1.65619e-42','1.7782e-44','0','0','0','9.42116e-50','-3.84603e-46','8.06742e-49','4.0495e-50','3.26061e-51','7.46048e-51','1.65619e-42','4.0797e-23','4.48271e-69','0','0','0','1.01152e-51','7.1949e-52','8.75514e-51','4.34783e-52','3.55228e-53','7.98261e-53','1.7782e-44','4.48271e-69','1.05011e-27','0','0','0','0','0','0','0','0','0','0','0','0','0','0','0','0','0','0','0','0','0','0','0','0','0','0','0','0','0','0','0','0','0','0','0','0','0','0','0']
reports[-1].status = "MINUITFAIL"

reports.append(Report(579371008, ("DT", -2, 2, 2), "MBwhAst2sec02"))
reports[-1].posNum = 0
reports[-1].negNum = 0
reports[-1].status = "TOOFEWHITS"

reports.append(Report(579633152, ("DT", -2, 2, 3), "MBwhAst2sec03"))
reports[-1].posNum = 9
reports[-1].negNum = 0
reports[-1].fittype = "6DOF"
reports[-1].add_parameters(ValErr(-0.00771739, 0.0112282, 0), \
                           ValErr(0.170747, 0.130027, 0), \
                           ValErr(-0.137562, 0.0941668, 0), \
                           ValErr(0.000371196, 0.00155941, 0), \
                           ValErr(-0.000222156, 0.00040092, 0), \
                           ValErr(0.000402024, 0.000262084, 0), \
                           66.6771, 9, 9, -nan)
reports[-1].sigmax = ValErr(0.0312081, 0.00747084, 0)
reports[-1].sigmay = ValErr(0.269596, 0.0641803, 0)
reports[-1].sigmadxdz = ValErr(0.00102017, 0.000245163, 0)
reports[-1].sigmadydz = ValErr(0, 0, 0)
reports[-1].add_stats(-0.00073576, 0.15028, 1.99976e-05, -0.0259306, -0.00545331, 0.0421041, 6.6137e-05, -0.00965371, -0.00545331, 0.0421041, 6.6137e-05, -0.00965371, 0.00153938, 0.0487168, 0.000123787, -0.0180333, 0.00153938, 0.0487168, 0.000123787, -0.0180333, 0.0366081, 0.271083, 0.00101525, 0.0318365, 0.0366081, 0.271083, 0.00101525, 0.0318365)
reports[-1].CovMatrix = ['0.000126071','-1.38805e-06','2.20482e-05','4.31348e-06','8.96652e-07','-2.61109e-07','-1.02231e-06','-2.98128e-05','-1.52668e-07','0','0','0','-1.38805e-06','0.0169071','-0.00877963','2.56229e-05','-1.86654e-06','8.08151e-06','-2.97828e-05','-1.88573e-05','-1.08767e-06','0','0','0','2.20482e-05','-0.00877963','0.00886738','-3.25484e-05','6.23434e-06','-1.04768e-05','2.12592e-05','5.12826e-05','9.02643e-07','0','0','0','4.31348e-06','2.56229e-05','-3.25484e-05','2.43177e-06','-1.68574e-07','1.5611e-07','6.04485e-07','-1.38559e-05','-3.34278e-08','0','0','0','8.96652e-07','-1.86654e-06','6.23434e-06','-1.68574e-07','1.60737e-07','-5.88513e-08','-3.99038e-07','4.33173e-07','-1.15329e-08','0','0','0','-2.61109e-07','8.08151e-06','-1.04768e-05','1.5611e-07','-5.88513e-08','6.86879e-08','-2.1123e-08','-5.12716e-07','-2.69676e-09','0','0','0','-1.02231e-06','-2.97828e-05','2.12592e-05','6.04485e-07','-3.99038e-07','-2.1123e-08','5.58168e-05','-3.14027e-06','4.5193e-08','0','0','0','-2.98128e-05','-1.88573e-05','5.12826e-05','-1.38559e-05','4.33173e-07','-5.12716e-07','-3.14027e-06','0.00412126','2.15455e-07','0','0','0','-1.52668e-07','-1.08767e-06','9.02643e-07','-3.34278e-08','-1.15329e-08','-2.69676e-09','4.5193e-08','2.15455e-07','6.0117e-08','0','0','0','0','0','0','0','0','0','0','0','0','0','0','0','0','0','0','0','0','0','0','0','0','0','0','0','0','0','0','0','0','0','0','0','0','0','0','0']

reports.append(Report(579895296, ("DT", -2, 2, 4), "MBwhAst2sec04"))
reports[-1].posNum = 10
reports[-1].negNum = 0
reports[-1].fittype = "6DOF"
reports[-1].add_parameters(ValErr(-1.49008e-05, 0.000672808, 0), \
                           ValErr(0.00631023, 0.0534387, 0), \
                           ValErr(-0.014116, 0.00983096, 0), \
                           ValErr(-4.54547e-05, 0.000154847, 0), \
                           ValErr(8.49009e-05, 9.47104e-05, 0), \
                           ValErr(2.88616e-05, 1.52456e-05, 0), \
                           120.681, 10, 10, -nan)
reports[-1].sigmax = ValErr(0.00164384, 0.000372143, 0)
reports[-1].sigmay = ValErr(0.166681, 0.0373076, 0)
reports[-1].sigmadxdz = ValErr(0.000296756, 6.70398e-05, 0)
reports[-1].sigmadydz = ValErr(0, 0, 0)
reports[-1].add_stats(-0.000706319, 0.0194831, 0.000116037, 0.0024461, -0.000574947, -0.0102821, 9.66932e-05, 0.00174891, -0.000574947, -0.0102821, 9.66932e-05, 0.00174891, -0.000169365, -0.0295092, -4.56203e-06, 0.00500653, -0.000169365, -0.0295092, -4.56203e-06, 0.00500653, 0.00210539, 0.166649, 0.00029551, 0.0278518, 0.00210539, 0.166649, 0.00029551, 0.0278518)
reports[-1].CovMatrix = ['4.5267e-07','2.74914e-06','-2.65522e-06','3.82636e-08','8.85761e-09','2.37738e-09','1.03157e-08','-6.33228e-07','6.09533e-10','0','0','0','2.74914e-06','0.0028557','-8.09737e-05','5.36517e-07','-4.77649e-08','7.79062e-08','1.28685e-07','-2.23057e-07','1.66886e-08','0','0','0','-2.65522e-06','-8.09737e-05','9.66478e-05','-9.32351e-07','3.70887e-07','-1.02976e-07','-2.94087e-07','2.44124e-06','-4.86274e-08','0','0','0','3.82636e-08','5.36517e-07','-9.32351e-07','2.39775e-08','-8.93814e-09','1.00968e-09','8.77796e-09','-1.52865e-07','1.30524e-09','0','0','0','8.85761e-09','-4.77649e-08','3.70887e-07','-8.93814e-09','8.97006e-09','-5.39915e-10','-3.97289e-09','-5.40656e-08','-8.26214e-10','0','0','0','2.37738e-09','7.79062e-08','-1.02976e-07','1.00968e-09','-5.39915e-10','2.32429e-10','2.83868e-10','2.38834e-09','5.44409e-11','0','0','0','1.03157e-08','1.28685e-07','-2.94087e-07','8.77796e-09','-3.97289e-09','2.83868e-10','1.38491e-07','-4.57819e-08','5.25992e-10','0','0','0','-6.33228e-07','-2.23057e-07','2.44124e-06','-1.52865e-07','-5.40656e-08','2.38834e-09','-4.57819e-08','0.00139225','-1.94536e-09','0','0','0','6.09533e-10','1.66886e-08','-4.86274e-08','1.30524e-09','-8.26214e-10','5.44409e-11','5.25992e-10','-1.94536e-09','4.49456e-09','0','0','0','0','0','0','0','0','0','0','0','0','0','0','0','0','0','0','0','0','0','0','0','0','0','0','0','0','0','0','0','0','0','0','0','0','0','0','0']

reports.append(Report(580157440, ("DT", -2, 2, 5), "MBwhAst2sec05"))
reports[-1].posNum = 11
reports[-1].negNum = 0
reports[-1].fittype = "6DOF"
reports[-1].add_parameters(ValErr(0.0309863, 0.0265512, 0), \
                           ValErr(-0.179555, 0.313836, 0), \
                           ValErr(-0.0774796, 0.19968, 0), \
                           ValErr(0.00264011, 0.00307343, 0), \
                           ValErr(-0.000418966, 0.000584771, 0), \
                           ValErr(-0.000398462, 0.000488669, 0), \
                           61.3069, 11, 11, -nan)
reports[-1].sigmax = ValErr(0.062224, 0.0144122, 0)
reports[-1].sigmay = ValErr(0.794697, 0.192214, 0)
reports[-1].sigmadxdz = ValErr(0.00108848, 0.000251971, 0)
reports[-1].sigmadydz = ValErr(0, 0, 0)
reports[-1].add_stats(0.00164794, -0.164208, -0.000599307, 0.0228929, 0.0378996, -0.248854, -0.000622111, 0.0170032, 0.0378996, -0.248854, -0.000622111, 0.0170032, 0.0323112, -0.274701, -0.0007346, 0.00928197, 0.0323112, -0.274701, -0.0007346, 0.00928197, 0.0648886, 0.819034, 0.00106729, 0.0230533, 0.0648886, 0.819034, 0.00106729, 0.0230533)
reports[-1].CovMatrix = ['0.000704965','-0.0028806','0.00342569','4.4813e-06','4.17534e-06','-4.41463e-06','-6.18615e-05','-6.58096e-05','-2.08224e-07','0','0','0','-0.0028806','0.0984928','-0.0384633','-0.000177357','-5.69096e-05','6.59056e-05','-9.7293e-05','0.00306586','-6.14527e-06','0','0','0','0.00342569','-0.0384633','0.0398722','3.68274e-05','3.05263e-05','-3.5082e-05','-0.000204989','-0.00155299','3.38606e-07','0','0','0','4.4813e-06','-0.000177357','3.68274e-05','9.44596e-06','-4.40267e-07','-3.9949e-07','6.3176e-08','-3.4424e-05','2.22664e-07','0','0','0','4.17534e-06','-5.69096e-05','3.05263e-05','-4.40267e-07','3.41957e-07','-1.97208e-07','-2.40765e-07','-1.66767e-07','-2.19965e-08','0','0','0','-4.41463e-06','6.59056e-05','-3.5082e-05','-3.9949e-07','-1.97208e-07','2.38797e-07','4.81683e-07','-2.18982e-06','-1.75302e-10','0','0','0','-6.18615e-05','-9.7293e-05','-0.000204989','6.3176e-08','-2.40765e-07','4.81683e-07','0.000207734','-0.00011547','2.00165e-07','0','0','0','-6.58096e-05','0.00306586','-0.00155299','-3.4424e-05','-1.66767e-07','-2.18982e-06','-0.00011547','0.0370087','4.11633e-06','0','0','0','-2.08224e-07','-6.14527e-06','3.38606e-07','2.22664e-07','-2.19965e-08','-1.75302e-10','2.00165e-07','4.11633e-06','6.35021e-08','0','0','0','0','0','0','0','0','0','0','0','0','0','0','0','0','0','0','0','0','0','0','0','0','0','0','0','0','0','0','0','0','0','0','0','0','0','0','0']

reports.append(Report(580419584, ("DT", -2, 2, 6), "MBwhAst2sec06"))
reports[-1].posNum = 8
reports[-1].negNum = 0
reports[-1].fittype = "6DOF"
reports[-1].add_parameters(ValErr(0.000919482, 0.00104669, 0), \
                           ValErr(-0.0207352, 0.0507588, 0), \
                           ValErr(0.000568691, 0.0137624, 0), \
                           ValErr(0.000109513, 0.000103913, 0), \
                           ValErr(8.47453e-05, 0.000112014, 0), \
                           ValErr(5.35561e-07, 2.03906e-05, 0), \
                           98.1837, 8, 8, -nan)
reports[-1].sigmax = ValErr(0.000870602, 0.000218418, 0)
reports[-1].sigmay = ValErr(0.141464, 0.0354744, 0)
reports[-1].sigmadxdz = ValErr(0.000537864, 0.00013466, 0)
reports[-1].sigmadydz = ValErr(0, 0, 0)
reports[-1].add_stats(0.000970832, -0.0227473, 9.40636e-05, 0.00701904, 0.000219553, -0.0171606, 6.38929e-05, 0.0021192, 0.000219553, -0.0171606, 6.38929e-05, 0.0021192, -0.000550183, -0.0121516, 9.93487e-05, 0.00143173, -0.000550183, -0.0121516, 9.93487e-05, 0.00143173, 0.00168091, 0.14532, 0.000536612, 0.0280509, 0.00168091, 0.14532, 0.000536612, 0.0280509)
reports[-1].CovMatrix = ['1.09555e-06','-8.3637e-06','1.23121e-05','2.88139e-08','-7.86007e-08','-2.97359e-09','-1.09537e-08','-1.05759e-07','-5.60156e-09','0','0','0','-8.3637e-06','0.00257646','-0.000116072','-9.37897e-08','8.19298e-07','-1.25741e-08','7.00252e-08','3.62595e-06','5.51177e-08','0','0','0','1.23121e-05','-0.000116072','0.000189403','1.04146e-07','-1.45341e-06','4.01823e-08','-1.01977e-07','-1.38884e-05','-9.6148e-08','0','0','0','2.88139e-08','-9.37897e-08','1.04146e-07','1.07979e-08','2.5235e-10','-1.94725e-09','-1.83043e-09','2.60013e-07','-1.08313e-10','0','0','0','-7.86007e-08','8.19298e-07','-1.45341e-06','2.5235e-10','1.25471e-08','-5.88372e-10','5.69465e-10','1.55291e-07','8.11989e-10','0','0','0','-2.97359e-09','-1.25741e-08','4.01823e-08','-1.94725e-09','-5.88372e-10','4.15776e-10','3.16648e-10','-5.40988e-08','-1.01518e-11','0','0','0','-1.09537e-08','7.00252e-08','-1.01977e-07','-1.83043e-09','5.69465e-10','3.16648e-10','4.77067e-08','-3.75665e-08','5.98945e-11','0','0','0','-1.05759e-07','3.62595e-06','-1.38884e-05','2.60013e-07','1.55291e-07','-5.40988e-08','-3.75665e-08','0.00125881','6.98129e-09','0','0','0','-5.60156e-09','5.51177e-08','-9.6148e-08','-1.08313e-10','8.11989e-10','-1.01518e-11','5.98945e-11','6.98129e-09','1.81354e-08','0','0','0','0','0','0','0','0','0','0','0','0','0','0','0','0','0','0','0','0','0','0','0','0','0','0','0','0','0','0','0','0','0','0','0','0','0','0','0']

reports.append(Report(580681728, ("DT", -2, 2, 7), "MBwhAst2sec07"))
reports[-1].posNum = 1
reports[-1].negNum = 0
reports[-1].status = "TOOFEWHITS"

reports.append(Report(580943872, ("DT", -2, 2, 8), "MBwhAst2sec08"))
reports[-1].posNum = 10
reports[-1].negNum = 0
reports[-1].fittype = "6DOF"
reports[-1].add_parameters(ValErr(0.00536472, 0.00703181, 0), \
                           ValErr(0.139864, 0.0605184, 0), \
                           ValErr(-0.0701016, 0.053324, 0), \
                           ValErr(0.000296067, 0.000411696, 0), \
                           ValErr(8.96515e-05, 0.000181953, 0), \
                           ValErr(-2.91071e-05, 0.000109866, 0), \
                           98.0243, 10, 10, -nan)
reports[-1].sigmax = ValErr(0.0188363, 0.00465416, 0)
reports[-1].sigmay = ValErr(0.0761338, 0.0207498, 0)
reports[-1].sigmadxdz = ValErr(0.000546501, 0.000130916, 0)
reports[-1].sigmadydz = ValErr(0, 0, 0)
reports[-1].add_stats(0.00108242, 0.0913695, 7.74745e-06, 0.000525835, 0.0087694, 0.0694168, 3.00039e-05, -0.00717354, 0.0087694, 0.0694168, 3.00039e-05, -0.00717354, 0.0139704, 0.089714, -0.000153136, -0.00474656, 0.0139704, 0.089714, -0.000153136, -0.00474656, 0.0205629, 0.0819519, 0.000515281, 0.0131751, 0.0205629, 0.0819519, 0.000515281, 0.0131751)
reports[-1].CovMatrix = ['4.94463e-05','-0.000175855','0.000167195','-5.10379e-07','2.29259e-07','-3.43557e-08','4.98262e-06','7.59735e-06','-4.27649e-08','0','0','0','-0.000175855','0.00366248','-0.0029437','5.87103e-06','7.59739e-07','-1.22749e-06','-5.43833e-05','-0.000260518','7.95416e-07','0','0','0','0.000167195','-0.0029437','0.00284345','-6.80387e-06','-9.7604e-07','1.18766e-06','4.14597e-05','0.000238125','-9.00375e-07','0','0','0','-5.10379e-07','5.87103e-06','-6.80387e-06','1.69494e-07','1.35631e-08','-1.10226e-08','-9.61993e-08','-3.34731e-06','1.78593e-08','0','0','0','2.29259e-07','7.59739e-07','-9.7604e-07','1.35631e-08','3.31068e-08','-9.94871e-09','1.86126e-07','-1.32376e-06','3.80166e-09','0','0','0','-3.43557e-08','-1.22749e-06','1.18766e-06','-1.10226e-08','-9.94871e-09','1.20704e-08','-1.00685e-07','8.10595e-07','-1.50315e-09','0','0','0','4.98262e-06','-5.43833e-05','4.14597e-05','-9.61993e-08','1.86126e-07','-1.00685e-07','2.16621e-05','1.19724e-06','-3.02865e-08','0','0','0','7.59735e-06','-0.000260518','0.000238125','-3.34731e-06','-1.32376e-06','8.10595e-07','1.19724e-06','0.000430635','-5.52262e-07','0','0','0','-4.27649e-08','7.95416e-07','-9.00375e-07','1.78593e-08','3.80166e-09','-1.50315e-09','-3.02865e-08','-5.52262e-07','1.71409e-08','0','0','0','0','0','0','0','0','0','0','0','0','0','0','0','0','0','0','0','0','0','0','0','0','0','0','0','0','0','0','0','0','0','0','0','0','0','0','0']

reports.append(Report(581206016, ("DT", -2, 2, 9), "MBwhAst2sec09"))
reports[-1].posNum = 0
reports[-1].negNum = 0
reports[-1].status = "TOOFEWHITS"

reports.append(Report(581468160, ("DT", -2, 2, 10), "MBwhAst2sec10"))
reports[-1].posNum = 5
reports[-1].negNum = 0
reports[-1].fittype = "6DOF"
reports[-1].add_parameters(ValErr(0.00838236, 0.00296652, 0), \
                           ValErr(-0.0245186, 0.0523114, 0), \
                           ValErr(0.00908456, 0.0199998, 0), \
                           ValErr(0.00170095, 0.00121663, 0), \
                           ValErr(0.000340507, 0.000290545, 0), \
                           ValErr(-0.000197686, 0.000116563, 0), \
                           54.292, 5, 5, -nan)
reports[-1].sigmax = ValErr(0.00409805, 0.00142349, 0)
reports[-1].sigmay = ValErr(0.108972, 0.048951, 0)
reports[-1].sigmadxdz = ValErr(0.000610626, 0.000212408, 0)
reports[-1].sigmadydz = ValErr(0, 0, 0)
reports[-1].add_stats(0.00052973, -0.0201385, 0.000170474, 0.00363398, 0.00326721, -0.0388004, -7.92521e-05, 0.00734154, 0.00326721, -0.0388004, -7.92521e-05, 0.00734154, 0.00040704, -0.109356, -8.66979e-05, 0.0186792, 0.00040704, -0.109356, -8.66979e-05, 0.0186792, 0.00595896, 0.135637, 0.000476329, 0.0230049, 0.00595896, 0.135637, 0.000476329, 0.0230049)
reports[-1].CovMatrix = ['8.80023e-06','1.02845e-05','7.56967e-06','1.16418e-06','4.89371e-07','-2.05392e-07','-7.86433e-07','3.3069e-05','1.52275e-07','0','0','0','1.02845e-05','0.00273648','-0.000383156','1.28703e-05','-3.67706e-07','3.31035e-07','-3.29181e-06','0.000253497','2.49595e-07','0','0','0','7.56967e-06','-0.000383156','0.000399994','-4.38423e-06','1.26e-06','-9.45014e-07','-3.1904e-07','-3.75764e-05','-7.01258e-08','0','0','0','1.16418e-06','1.28703e-05','-4.38423e-06','1.48019e-06','-9.84624e-08','-3.56941e-08','7.617e-08','1.28723e-05','5.39024e-08','0','0','0','4.89371e-07','-3.67706e-07','1.26e-06','-9.84624e-08','8.44167e-08','-1.36155e-08','-1.39941e-07','1.73606e-06','1.57732e-08','0','0','0','-2.05392e-07','3.31035e-07','-9.45014e-07','-3.56941e-08','-1.36155e-08','1.35869e-08','2.42738e-09','-8.98768e-07','-2.15002e-09','0','0','0','-7.86433e-07','-3.29181e-06','-3.1904e-07','7.617e-08','-1.39941e-07','2.42738e-09','2.02635e-06','6.58872e-06','-5.13346e-08','0','0','0','3.3069e-05','0.000253497','-3.75764e-05','1.28723e-05','1.73606e-06','-8.98768e-07','6.58872e-06','0.00239797','6.90484e-07','0','0','0','1.52275e-07','2.49595e-07','-7.01258e-08','5.39024e-08','1.57732e-08','-2.15002e-09','-5.13346e-08','6.90484e-07','4.51283e-08','0','0','0','0','0','0','0','0','0','0','0','0','0','0','0','0','0','0','0','0','0','0','0','0','0','0','0','0','0','0','0','0','0','0','0','0','0','0','0']

reports.append(Report(581730304, ("DT", -2, 2, 11), "MBwhAst2sec11"))
reports[-1].posNum = 3
reports[-1].negNum = 0
reports[-1].status = "TOOFEWHITS"

reports.append(Report(581992448, ("DT", -2, 2, 12), "MBwhAst2sec12"))
reports[-1].posNum = 1
reports[-1].negNum = 0
reports[-1].status = "TOOFEWHITS"

reports.append(Report(583303168, ("DT", -2, 3, 1), "MBwhAst3sec01"))
reports[-1].posNum = 6
reports[-1].negNum = 0
reports[-1].fittype = "6DOF"
reports[-1].add_parameters(ValErr(0.0180748, 0.0517034, 0), \
                           ValErr(-0.106735, 0.345869, 0), \
                           ValErr(0.154032, 0.385177, 0), \
                           ValErr(0.00439982, 0.00116926, 0), \
                           ValErr(0.000764191, 0.000701711, 0), \
                           ValErr(-0.00074682, 0.000784516, 0), \
                           44.2664, 6, 6, -nan)
reports[-1].sigmax = ValErr(0.0998784, 0.0320158, 0)
reports[-1].sigmay = ValErr(0.26424, 0.0947012, 0)
reports[-1].sigmadxdz = ValErr(0.000335445, 0.000100497, 0)
reports[-1].sigmadydz = ValErr(0, 0, 0)
reports[-1].add_stats(-0.00121571, 0.018902, -0.000422143, -0.00239911, 0.0220876, 0.0833874, -0.000133791, -0.00631712, 0.0220876, 0.0833874, -0.000133791, -0.00631712, -0.0794784, 0.0477284, 0.000401051, -0.0196365, -0.0794784, 0.0477284, 0.000401051, -0.0196365, 0.122506, 0.302407, 0.000596651, 0.0184674, 0.122506, 0.302407, 0.000596651, 0.0184674)
reports[-1].CovMatrix = ['0.00267324','0.0100304','-0.0120059','4.54947e-06','-1.3559e-05','1.61586e-05','0.000337284','-0.00115643','3.44311e-07','0','0','0','0.0100304','0.119625','-0.126078','-8.9887e-06','-0.000106837','0.000122754','0.00298373','-0.0104124','3.23276e-06','0','0','0','-0.0120059','-0.126078','0.148361','-1.27387e-05','0.000138685','-0.000160607','-0.00369307','0.012826','-3.90468e-06','0','0','0','4.54947e-06','-8.9887e-06','-1.27387e-05','1.36718e-06','1.67595e-07','-1.05136e-07','-4.22263e-06','2.79614e-05','-2.11199e-08','0','0','0','-1.3559e-05','-0.000106837','0.000138685','1.67595e-07','4.92398e-07','-5.37964e-07','-9.40906e-06','3.76937e-05','-1.62546e-08','0','0','0','1.61586e-05','0.000122754','-0.000160607','-1.05136e-07','-5.37964e-07','6.15466e-07','1.05103e-05','-4.11659e-05','1.69971e-08','0','0','0','0.000337284','0.00298373','-0.00369307','-4.22263e-06','-9.40906e-06','1.05103e-05','0.00102537','-0.000769296','3.24835e-07','0','0','0','-0.00115643','-0.0104124','0.012826','2.79614e-05','3.76937e-05','-4.11659e-05','-0.000769296','0.00897876','-1.4307e-06','0','0','0','3.44311e-07','3.23276e-06','-3.90468e-06','-2.11199e-08','-1.62546e-08','1.69971e-08','3.24835e-07','-1.4307e-06','1.01007e-08','0','0','0','0','0','0','0','0','0','0','0','0','0','0','0','0','0','0','0','0','0','0','0','0','0','0','0','0','0','0','0','0','0','0','0','0','0','0','0']

reports.append(Report(583565312, ("DT", -2, 3, 2), "MBwhAst3sec02"))
reports[-1].posNum = 8
reports[-1].negNum = 0
reports[-1].fittype = "6DOF"
reports[-1].add_parameters(ValErr(-0.0020161, 0.00777666, 0), \
                           ValErr(-0.305104, 0.183544, 0), \
                           ValErr(0.475923, 0.0746676, 0), \
                           ValErr(0.00756462, 0.00117795, 0), \
                           ValErr(0.000201264, 0.000247973, 0), \
                           ValErr(5.57063e-05, 0.000132307, 0), \
                           61.7632, 8, 8, -nan)
reports[-1].sigmax = ValErr(0.0201569, 0.00522151, 0)
reports[-1].sigmay = ValErr(0.489323, 0.12677, 0)
reports[-1].sigmadxdz = ValErr(0.000637123, 0.000159922, 0)
reports[-1].sigmadydz = ValErr(0, 0, 0)
reports[-1].add_stats(0.00178025, 0.0598212, 0.000378669, 0.00288744, 0.00660341, 0.0459359, 0.000114046, -0.00130138, 0.00660341, 0.0459359, 0.000114046, -0.00130138, -0.00724749, 0.147425, 9.68374e-05, -0.000205982, -0.00724749, 0.147425, 9.68374e-05, -0.000205982, 0.062699, 0.415576, 0.00089984, 0.0125314, 0.062699, 0.415576, 0.00089984, 0.0125314)
