nan = None;  NAN = None
nan = 0
reports = []
class ValErr:
    def __init__(self, value, error, antisym):
        self.value, self.error, self.antisym = value, error, antisym

    def __repr__(self):
        if self.antisym == 0.:
            return "%g +- %g" % (self.value, self.error)
        else:
            return "%g +- %g ~ %g" % (self.value, self.error, self.antisym)

class Report:
    def __init__(self, chamberId, postal_address, name):
        self.chamberId, self.postal_address, self.name = chamberId, postal_address, name
        self.status = "NOFIT"
        self.fittype = None
        self.CovMatrix = None

    def add_parameters(self, deltax, deltay, deltaz, deltaphix, deltaphiy, deltaphiz, loglikelihood, numsegments, sumofweights, redchi2):
        self.status = "PASS"
        self.deltax, self.deltay, self.deltaz, self.deltaphix, self.deltaphiy, self.deltaphiz = deltax, deltay, deltaz, deltaphix, deltaphiy, deltaphiz
        self.loglikelihood, self.numsegments, self.sumofweights, self.redchi2 = loglikelihood, numsegments, sumofweights, redchi2

    def add_stats(self, median_x, median_y, median_dxdz, median_dydz, mean30_x, mean30_y, mean20_dxdz, mean50_dydz, mean15_x, mean15_y, mean10_dxdz, mean25_dydz, wmean30_x, wmean30_y, wmean20_dxdz, wmean50_dydz, wmean15_x, wmean15_y, wmean10_dxdz, wmean25_dydz, stdev30_x, stdev30_y, stdev20_dxdz, stdev50_dydz, stdev15_x, stdev15_y, stdev10_dxdz, stdev25_dydz):
        self.median_x, self.median_y, self.median_dxdz, self.median_dydz, self.mean30_x, self.mean30_y, self.mean20_dxdz, self.mean50_dydz, self.mean15_x, self.mean15_y, self.mean10_dxdz, self.mean25_dydz, self.wmean30_x, self.wmean30_y, self.wmean20_dxdz, self.wmean50_dydz, self.wmean15_x, self.wmean15_y, self.wmean10_dxdz, self.wmean25_dydz, self.stdev30_x, self.stdev30_y, self.stdev20_dxdz, self.stdev50_dydz, self.stdev15_x, self.stdev15_y, self.stdev10_dxdz, self.stdev25_dydz = median_x, median_y, median_dxdz, median_dydz, mean30_x, mean30_y, mean20_dxdz, mean50_dydz, mean15_x, mean15_y, mean10_dxdz, mean25_dydz, wmean30_x, wmean30_y, wmean20_dxdz, wmean50_dydz, wmean15_x, wmean15_y, wmean10_dxdz, wmean25_dydz, stdev30_x, stdev30_y, stdev20_dxdz, stdev50_dydz, stdev15_x, stdev15_y, stdev10_dxdz, stdev25_dydz

    def __repr__(self):
        return "<Report %s %s %s>" % (self.postal_address[0], " ".join(map(str, self.postal_address[1:])), self.status)

reports.append(Report(574914560, ("DT", -2, 1, 1), "MBwhAst1sec01"))
reports[-1].posNum = 1404
reports[-1].negNum = 0
reports[-1].fittype = "6DOF"
reports[-1].add_parameters(ValErr(-0.0331538, 0.00167377, 0), \
                           ValErr(0.0614867, 0.0148537, 0), \
                           ValErr(0.00512547, 0.0117437, 0), \
                           ValErr(0.000154158, 6.64331e-05, 0), \
                           ValErr(-0.000656439, 3.61804e-05, 0), \
                           ValErr(-7.12489e-06, 2.42119e-05, 0), \
                           10349.2, 1404, 1404, -nan)
reports[-1].sigmax = ValErr(0.0490682, 0.000948023, 0)
reports[-1].sigmay = ValErr(0.145207, 0.00279503, 0)
reports[-1].sigmadxdz = ValErr(0.00125088, 2.38128e-05, 0)
reports[-1].sigmadydz = ValErr(0, 0, 0)
reports[-1].add_stats(-0.00433826, 0.064189, -0.000450181, -0.00812732, -0.0302645, 0.0611829, -0.000802013, -0.00796442, -0.0302645, 0.0611829, -0.000802013, -0.00796442, -0.0289634, 0.0670774, -0.000805053, -0.00908278, -0.0289634, 0.0670774, -0.000805053, -0.00908278, 0.04925, 0.143077, 0.00124373, 0.0225138, 0.04925, 0.143077, 0.00124373, 0.0225138)
reports[-1].CovMatrix = ['2.80152e-06','1.27749e-05','-1.0594e-05','1.45485e-08','1.14861e-08','-1.02191e-08','9.1864e-08','-2.22547e-07','-3.60142e-10','0','0','0','1.27749e-05','0.000220634','-0.000167906','2.7357e-07','-4.78903e-08','3.74353e-08','-2.53498e-07','6.8272e-07','1.10524e-09','0','0','0','-1.0594e-05','-0.000167906','0.000137914','-1.68797e-07','3.28134e-08','-2.25083e-08','1.72156e-07','-5.06832e-07','-3.13043e-10','0','0','0','1.45485e-08','2.7357e-07','-1.68797e-07','4.41335e-09','1.12524e-10','2.83381e-10','2.51705e-10','-6.41337e-09','5.25317e-11','0','0','0','1.14861e-08','-4.78903e-08','3.28134e-08','1.12524e-10','1.30902e-09','-4.72302e-10','4.31704e-09','-1.86695e-08','5.16638e-11','0','0','0','-1.02191e-08','3.74353e-08','-2.25083e-08','2.83381e-10','-4.72302e-10','5.86215e-10','-4.82073e-09','9.88539e-09','3.81887e-11','0','0','0','9.1864e-08','-2.53498e-07','1.72156e-07','2.51705e-10','4.31704e-09','-4.82073e-09','8.98748e-07','-9.06657e-08','-2.7337e-10','0','0','0','-2.22547e-07','6.8272e-07','-5.06832e-07','-6.41337e-09','-1.86695e-08','9.88539e-09','-9.06657e-08','7.81223e-06','-3.13081e-10','0','0','0','-3.60142e-10','1.10524e-09','-3.13043e-10','5.25317e-11','5.16638e-11','3.81887e-11','-2.7337e-10','-3.13081e-10','5.67048e-10','0','0','0','0','0','0','0','0','0','0','0','0','0','0','0','0','0','0','0','0','0','0','0','0','0','0','0','0','0','0','0','0','0','0','0','0','0','0','0']

reports.append(Report(575176704, ("DT", -2, 1, 2), "MBwhAst1sec02"))
reports[-1].posNum = 874
reports[-1].negNum = 0
reports[-1].fittype = "6DOF"
reports[-1].add_parameters(ValErr(-0.0146289, 0.00136709, 0), \
                           ValErr(0.0607831, 0.0118087, 0), \
                           ValErr(0.0104499, 0.00885091, 0), \
                           ValErr(0.000163043, 8.26774e-05, 0), \
                           ValErr(0.000359682, 3.44036e-05, 0), \
                           ValErr(7.45983e-05, 2.16667e-05, 0), \
                           7122.56, 874, 874, -nan)
reports[-1].sigmax = ValErr(0.02973, 0.000717015, 0)
reports[-1].sigmay = ValErr(0.160314, 0.00388409, 0)
reports[-1].sigmadxdz = ValErr(0.000858804, 2.0661e-05, 0)
reports[-1].sigmadydz = ValErr(0, 0, 0)
reports[-1].add_stats(-0.00215334, 0.0726525, 0.000602317, -0.0101746, -0.0138484, 0.0704934, 0.000502747, -0.0102752, -0.0138484, 0.0704934, 0.000502747, -0.0102752, -0.0138605, 0.066722, 0.000513504, -0.00912438, -0.0138605, 0.066722, 0.000513504, -0.00912438, 0.0292571, 0.1592, 0.000855509, 0.0258229, 0.0292571, 0.1592, 0.000855509, 0.0258229)
reports[-1].CovMatrix = ['1.86894e-06','6.67573e-06','-5.8634e-06','-3.71762e-09','1.40878e-08','-1.27069e-08','-5.05908e-08','3.07673e-07','-1.51442e-10','0','0','0','6.67573e-06','0.000139446','-9.0833e-05','1.02596e-07','-4.55741e-08','2.38136e-08','-1.54245e-08','-4.54092e-07','3.17041e-09','0','0','0','-5.8634e-06','-9.0833e-05','7.83385e-05','6.4728e-08','3.28057e-08','-5.66267e-09','1.15724e-07','-4.16812e-07','-1.12736e-09','0','0','0','-3.71762e-09','1.02596e-07','6.4728e-08','6.83555e-09','6.03183e-11','4.86435e-10','4.16797e-09','-3.25351e-08','5.85192e-11','0','0','0','1.40878e-08','-4.55741e-08','3.28057e-08','6.03183e-11','1.18361e-09','-4.2979e-10','-8.34643e-10','1.52618e-08','-5.67561e-11','0','0','0','-1.27069e-08','2.38136e-08','-5.66267e-09','4.86435e-10','-4.2979e-10','4.69446e-10','1.80945e-09','-1.04002e-08','3.77648e-12','0','0','0','-5.05908e-08','-1.54245e-08','1.15724e-07','4.16797e-09','-8.34643e-10','1.80945e-09','5.14111e-07','-4.22252e-08','-1.47969e-11','0','0','0','3.07673e-07','-4.54092e-07','-4.16812e-07','-3.25351e-08','1.52618e-08','-1.04002e-08','-4.22252e-08','1.50862e-05','-8.46417e-10','0','0','0','-1.51442e-10','3.17041e-09','-1.12736e-09','5.85192e-11','-5.67561e-11','3.77648e-12','-1.47969e-11','-8.46417e-10','4.26877e-10','0','0','0','0','0','0','0','0','0','0','0','0','0','0','0','0','0','0','0','0','0','0','0','0','0','0','0','0','0','0','0','0','0','0','0','0','0','0','0']

reports.append(Report(575438848, ("DT", -2, 1, 3), "MBwhAst1sec03"))
reports[-1].posNum = 701
reports[-1].negNum = 0
reports[-1].fittype = "6DOF"
reports[-1].add_parameters(ValErr(-0.00761907, 0.00116006, 0), \
                           ValErr(0.063009, 0.0110581, 0), \
                           ValErr(0.0393744, 0.00749187, 0), \
                           ValErr(0.000162717, 6.4398e-05, 0), \
                           ValErr(0.000506393, 2.37798e-05, 0), \
                           ValErr(1.31263e-05, 1.66688e-05, 0), \
                           6356.63, 701, 701, -nan)
reports[-1].sigmax = ValErr(0.0228183, 0.000616015, 0)
reports[-1].sigmay = ValErr(0.165819, 0.00447705, 0)
reports[-1].sigmadxdz = ValErr(0.000431717, 1.15847e-05, 0)
reports[-1].sigmadydz = ValErr(0, 0, 0)
reports[-1].add_stats(-0.000815599, 0.10542, 0.000508032, -0.0161635, -0.00666944, 0.107014, 0.000543596, -0.0163643, -0.00666944, 0.107014, 0.000543596, -0.0163643, -0.00596132, 0.104142, 0.000516028, -0.0159286, -0.00596132, 0.104142, 0.000516028, -0.0159286, 0.0224576, 0.160061, 0.000430835, 0.0261184, 0.0224576, 0.160061, 0.000430835, 0.0261184)
reports[-1].CovMatrix = ['1.34573e-06','6.68069e-06','-5.43992e-06','2.8912e-09','3.09219e-09','-2.01439e-09','-9.37577e-09','9.51631e-08','-4.94491e-11','0','0','0','6.68069e-06','0.00012228','-6.82137e-05','3.09281e-08','-3.07905e-08','2.07115e-08','8.79236e-08','-7.78502e-07','5.29847e-10','0','0','0','-5.43992e-06','-6.82137e-05','5.61281e-05','-8.04693e-09','2.95945e-08','-1.78404e-08','-7.20772e-08','7.52123e-07','-6.33219e-10','0','0','0','2.8912e-09','3.09281e-08','-8.04693e-09','4.14711e-09','4.89537e-11','3.9109e-10','2.70368e-09','-8.61193e-09','-2.66383e-11','0','0','0','3.09219e-09','-3.07905e-08','2.95945e-08','4.89537e-11','5.65479e-10','-2.71251e-10','-1.11275e-09','1.47423e-08','-1.70408e-11','0','0','0','-2.01439e-09','2.07115e-08','-1.78404e-08','3.9109e-10','-2.71251e-10','2.77848e-10','1.46794e-09','-9.68528e-09','-2.33194e-12','0','0','0','-9.37577e-09','8.79236e-08','-7.20772e-08','2.70368e-09','-1.11275e-09','1.46794e-09','3.79475e-07','-4.57042e-08','-3.2642e-11','0','0','0','9.51631e-08','-7.78502e-07','7.52123e-07','-8.61193e-09','1.47423e-08','-9.68528e-09','-4.57042e-08','2.00441e-05','-2.62096e-10','0','0','0','-4.94491e-11','5.29847e-10','-6.33219e-10','-2.66383e-11','-1.70408e-11','-2.33194e-12','-3.2642e-11','-2.62096e-10','1.34205e-10','0','0','0','0','0','0','0','0','0','0','0','0','0','0','0','0','0','0','0','0','0','0','0','0','0','0','0','0','0','0','0','0','0','0','0','0','0','0','0']

reports.append(Report(575700992, ("DT", -2, 1, 4), "MBwhAst1sec04"))
reports[-1].posNum = 808
reports[-1].negNum = 0
reports[-1].fittype = "6DOF"
reports[-1].add_parameters(ValErr(-0.00313779, 0.000789585, 0), \
                           ValErr(0.12782, 0.0083185, 0), \
                           ValErr(-0.000353241, 0.0054235, 0), \
                           ValErr(0.000142534, 6.63177e-05, 0), \
                           ValErr(-0.000307661, 1.95762e-05, 0), \
                           ValErr(-4.49525e-05, 1.31366e-05, 0), \
                           7817.16, 808, 808, -nan)
reports[-1].sigmax = ValErr(0.0161139, 0.000394826, 0)
reports[-1].sigmay = ValErr(0.14803, 0.00371207, 0)
reports[-1].sigmadxdz = ValErr(0.000373304, 9.28369e-06, 0)
reports[-1].sigmadydz = ValErr(0, 0, 0)
reports[-1].add_stats(-0.00120955, 0.126839, -0.00036718, -0.0195147, -0.00289595, 0.124731, -0.000382429, -0.0196918, -0.00289595, 0.124731, -0.000382429, -0.0196918, -0.00305523, 0.119436, -0.000379659, -0.0192335, -0.00305523, 0.119436, -0.000379659, -0.0192335, 0.0163201, 0.149695, 0.000374872, 0.0246597, 0.0163201, 0.149695, 0.000374872, 0.0246597)
reports[-1].CovMatrix = ['6.23444e-07','2.94532e-06','-2.48882e-06','-7.82172e-10','4.6976e-09','-3.41048e-09','1.28025e-08','1.02694e-07','-1.12581e-10','0','0','0','2.94532e-06','6.91974e-05','-3.47431e-05','1.12705e-08','-1.12547e-08','4.63687e-09','8.33791e-08','-9.69273e-08','-2.76096e-09','0','0','0','-2.48882e-06','-3.47431e-05','2.94144e-05','4.01347e-08','8.16667e-09','6.94412e-11','-9.73532e-08','-2.4037e-07','1.69139e-09','0','0','0','-7.82172e-10','1.12705e-08','4.01347e-08','4.39804e-09','2.20523e-10','2.9775e-10','-2.09771e-09','6.90356e-09','6.14291e-12','0','0','0','4.6976e-09','-1.12547e-08','8.16667e-09','2.20523e-10','3.83227e-10','-1.63471e-10','-1.41825e-10','2.53624e-09','6.07978e-12','0','0','0','-3.41048e-09','4.63687e-09','6.94412e-11','2.9775e-10','-1.63471e-10','1.7257e-10','-1.97539e-10','-9.81155e-10','-3.1913e-12','0','0','0','1.28025e-08','8.33791e-08','-9.73532e-08','-2.09771e-09','-1.41825e-10','-1.97539e-10','1.55888e-07','-2.72669e-08','8.46759e-11','0','0','0','1.02694e-07','-9.69273e-08','-2.4037e-07','6.90356e-09','2.53624e-09','-9.81155e-10','-2.72669e-08','1.37795e-05','9.47091e-10','0','0','0','-1.12581e-10','-2.76096e-09','1.69139e-09','6.14291e-12','6.07978e-12','-3.1913e-12','8.46759e-11','9.47091e-10','8.61869e-11','0','0','0','0','0','0','0','0','0','0','0','0','0','0','0','0','0','0','0','0','0','0','0','0','0','0','0','0','0','0','0','0','0','0','0','0','0','0','0']

reports.append(Report(575963136, ("DT", -2, 1, 5), "MBwhAst1sec05"))
reports[-1].posNum = 0
reports[-1].negNum = 0
reports[-1].status = "TOOFEWHITS"

reports.append(Report(576225280, ("DT", -2, 1, 6), "MBwhAst1sec06"))
reports[-1].posNum = 696
reports[-1].negNum = 0
reports[-1].fittype = "6DOF"
reports[-1].add_parameters(ValErr(0.000304591, 0.000270644, 0), \
                           ValErr(0.11062, 0.00564938, 0), \
                           ValErr(-0.0501295, 0.00211862, 0), \
                           ValErr(6.91527e-05, 3.81474e-05, 0), \
                           ValErr(-0.00103694, 2.55681e-05, 0), \
                           ValErr(-5.08974e-05, 5.41734e-06, 0), \
                           7287.47, 696, 696, -nan)
reports[-1].sigmax = ValErr(0.00549361, 0.000171042, 0)
reports[-1].sigmay = ValErr(0.132592, 0.00364393, 0)
reports[-1].sigmadxdz = ValErr(0.000551634, 1.8201e-05, 0)
reports[-1].sigmadydz = ValErr(0, 0, 0)
reports[-1].add_stats(-0.000441503, 0.0472909, -0.0012945, -0.00806594, -0.000194211, 0.0459646, -0.00136261, -0.00776738, -0.000194211, 0.0459646, -0.00136261, -0.00776738, -0.000185277, 0.0488386, -0.00136382, -0.00824845, -0.000185277, 0.0488386, -0.00136382, -0.00824845, 0.00461458, 0.121764, 0.000493524, 0.0197487, 0.00461458, 0.121764, 0.000493524, 0.0197487)
reports[-1].CovMatrix = ['7.32483e-08','3.22586e-07','-3.44432e-07','-2.40677e-09','9.69099e-10','-4.37523e-10','-1.41131e-09','1.80574e-09','3.53434e-10','0','0','0','3.22586e-07','3.19155e-05','-5.44968e-06','-9.35314e-09','-2.80544e-08','-7.4922e-11','9.19269e-08','-6.26792e-07','-1.08412e-08','0','0','0','-3.44432e-07','-5.44968e-06','4.48855e-06','2.00672e-08','2.22101e-08','1.84578e-09','-7.28366e-08','7.11914e-07','1.03493e-08','0','0','0','-2.40677e-09','-9.35314e-09','2.00672e-08','1.45522e-09','7.9686e-11','1.11668e-10','-1.55741e-11','1.08319e-08','7.58247e-11','0','0','0','9.69099e-10','-2.80544e-08','2.22101e-08','7.9686e-11','6.53728e-10','-3.83867e-12','-2.15173e-09','1.55475e-08','2.81864e-10','0','0','0','-4.37523e-10','-7.4922e-11','1.84578e-09','1.11668e-10','-3.83867e-12','2.93475e-11','-9.33015e-11','1.42015e-10','1.13662e-11','0','0','0','-1.41131e-09','9.19269e-08','-7.28366e-08','-1.55741e-11','-2.15173e-09','-9.33015e-11','2.92552e-08','-5.04535e-08','-1.06545e-09','0','0','0','1.80574e-09','-6.26792e-07','7.11914e-07','1.08319e-08','1.55475e-08','1.42015e-10','-5.04535e-08','1.32782e-05','7.14554e-09','0','0','0','3.53434e-10','-1.08412e-08','1.03493e-08','7.58247e-11','2.81864e-10','1.13662e-11','-1.06545e-09','7.14554e-09','3.31279e-10','0','0','0','0','0','0','0','0','0','0','0','0','0','0','0','0','0','0','0','0','0','0','0','0','0','0','0','0','0','0','0','0','0','0','0','0','0','0','0']

reports.append(Report(576487424, ("DT", -2, 1, 7), "MBwhAst1sec07"))
reports[-1].posNum = 1153
reports[-1].negNum = 0
reports[-1].fittype = "6DOF"
reports[-1].add_parameters(ValErr(0.00206111, 0.000524819, 0), \
                           ValErr(0.073942, 0.00612299, 0), \
                           ValErr(-0.0154312, 0.00347755, 0), \
                           ValErr(-0.000155286, 4.50947e-05, 0), \
                           ValErr(-0.000118764, 1.32101e-05, 0), \
                           ValErr(1.88004e-05, 9.49715e-06, 0), \
                           11538.4, 1153, 1153, -nan)
reports[-1].sigmax = ValErr(0.0130538, 0.000266238, 0)
reports[-1].sigmay = ValErr(0.152664, 0.00316977, 0)
reports[-1].sigmadxdz = ValErr(0.000320422, 6.78864e-06, 0)
reports[-1].sigmadydz = ValErr(0, 0, 0)
reports[-1].add_stats(0.00128079, 0.0577763, -7.63202e-05, -0.00946108, 0.00154578, 0.0570625, -8.05249e-05, -0.00918507, 0.00154578, 0.0570625, -8.05249e-05, -0.00918507, 0.00141855, 0.052864, -9.85183e-05, -0.00846392, 0.00141855, 0.052864, -9.85183e-05, -0.00846392, 0.0131583, 0.152263, 0.000324395, 0.0245821, 0.0131583, 0.152263, 0.000324395, 0.0245821)
reports[-1].CovMatrix = ['2.75435e-07','1.30369e-06','-1.09291e-06','-3.22217e-09','1.7695e-09','-1.74294e-09','-3.48279e-09','5.95289e-08','-1.26773e-10','0','0','0','1.30369e-06','3.7491e-05','-1.42932e-05','-7.15115e-10','-1.13939e-09','-1.73727e-09','-4.91563e-08','4.69972e-07','-2.6194e-10','0','0','0','-1.09291e-06','-1.42932e-05','1.20933e-05','1.85835e-08','1.22919e-09','3.0714e-09','3.67796e-08','-5.92275e-07','5.62637e-10','0','0','0','-3.22217e-09','-7.15115e-10','1.85835e-08','2.03353e-09','-8.50476e-13','1.87512e-10','-1.7375e-10','-2.28205e-08','5.29515e-11','0','0','0','1.7695e-09','-1.13939e-09','1.22919e-09','-8.50476e-13','1.74508e-10','-8.27389e-11','5.8039e-11','1.62508e-10','-4.78821e-13','0','0','0','-1.74294e-09','-1.73727e-09','3.0714e-09','1.87512e-10','-8.27389e-11','9.01959e-11','-4.09078e-12','-2.75154e-09','5.05745e-12','0','0','0','-3.48279e-09','-4.91563e-08','3.67796e-08','-1.7375e-10','5.8039e-11','-4.09078e-12','7.08827e-08','3.25377e-08','-2.24449e-11','0','0','0','5.95289e-08','4.69972e-07','-5.92275e-07','-2.28205e-08','1.62508e-10','-2.75154e-09','3.25377e-08','1.00475e-05','-4.13679e-10','0','0','0','-1.26773e-10','-2.6194e-10','5.62637e-10','5.29515e-11','-4.78821e-13','5.05745e-12','-2.24449e-11','-4.13679e-10','4.60856e-11','0','0','0','0','0','0','0','0','0','0','0','0','0','0','0','0','0','0','0','0','0','0','0','0','0','0','0','0','0','0','0','0','0','0','0','0','0','0','0']

reports.append(Report(576749568, ("DT", -2, 1, 8), "MBwhAst1sec08"))
reports[-1].posNum = 1190
reports[-1].negNum = 0
reports[-1].fittype = "6DOF"
reports[-1].add_parameters(ValErr(-0.00902518, 0.00120009, 0), \
                           ValErr(0.0898438, 0.0110263, 0), \
                           ValErr(0.0189407, 0.0082917, 0), \
                           ValErr(4.08807e-05, 7.36147e-05, 0), \
                           ValErr(-0.000110166, 3.40449e-05, 0), \
                           ValErr(2.43378e-05, 2.01292e-05, 0), \
                           9358.99, 1190, 1190, -nan)
reports[-1].sigmax = ValErr(0.031971, 0.000656882, 0)
reports[-1].sigmay = ValErr(0.152668, 0.00313801, 0)
reports[-1].sigmadxdz = ValErr(0.00111473, 2.29191e-05, 0)
reports[-1].sigmadydz = ValErr(0, 0, 0)
reports[-1].add_stats(-0.00149347, 0.112238, 0.000154782, -0.0128991, -0.00664525, 0.111487, -5.55032e-05, -0.0129362, -0.00664525, 0.111487, -5.55032e-05, -0.0129362, -0.00777356, 0.105413, -9.30415e-05, -0.0120951, -0.00777356, 0.105413, -9.30415e-05, -0.0120951, 0.032031, 0.153547, 0.00111356, 0.0250226, 0.032031, 0.153547, 0.00111356, 0.0250226)
reports[-1].CovMatrix = ['1.44022e-06','6.52771e-06','-5.43632e-06','3.49266e-09','7.74792e-09','-6.11485e-09','-1.61536e-08','6.04819e-08','1.6118e-10','0','0','0','6.52771e-06','0.000121579','-8.32973e-05','1.15019e-07','-4.23484e-08','2.21264e-08','-2.19225e-08','-2.54017e-07','2.93671e-09','0','0','0','-5.43632e-06','-8.32973e-05','6.87522e-05','-3.32221e-08','3.03238e-08','-1.12986e-08','1.33423e-08','8.00228e-08','-1.15777e-09','0','0','0','3.49266e-09','1.15019e-07','-3.32221e-08','5.41912e-09','3.46442e-11','4.10213e-10','-8.7431e-10','-1.00572e-08','1.07899e-10','0','0','0','7.74792e-09','-4.23484e-08','3.03238e-08','3.46442e-11','1.15905e-09','-3.34942e-10','-7.2434e-10','6.03605e-09','-1.79236e-11','0','0','0','-6.11485e-09','2.21264e-08','-1.12986e-08','4.10213e-10','-3.34942e-10','4.05184e-10','7.70989e-10','-3.50837e-09','-8.20786e-13','0','0','0','-1.61536e-08','-2.19225e-08','1.33423e-08','-8.7431e-10','-7.2434e-10','7.70989e-10','4.31495e-07','-4.42506e-09','-3.86661e-11','0','0','0','6.04819e-08','-2.54017e-07','8.00228e-08','-1.00572e-08','6.03605e-09','-3.50837e-09','-4.42506e-09','9.84713e-06','-2.47549e-10','0','0','0','1.6118e-10','2.93671e-09','-1.15777e-09','1.07899e-10','-1.79236e-11','-8.20786e-13','-3.86661e-11','-2.47549e-10','5.25284e-10','0','0','0','0','0','0','0','0','0','0','0','0','0','0','0','0','0','0','0','0','0','0','0','0','0','0','0','0','0','0','0','0','0','0','0','0','0','0','0']

reports.append(Report(577011712, ("DT", -2, 1, 9), "MBwhAst1sec09"))
reports[-1].posNum = 644
reports[-1].negNum = 0
reports[-1].fittype = "6DOF"
reports[-1].add_parameters(ValErr(-0.000166393, 0.000672218, 0), \
                           ValErr(0.0884831, 0.00765166, 0), \
                           ValErr(-0.00733932, 0.00418015, 0), \
                           ValErr(6.49511e-05, 5.29611e-05, 0), \
                           ValErr(-1.22738e-05, 1.59139e-05, 0), \
                           ValErr(-1.15605e-05, 1.12307e-05, 0), \
                           6582.51, 644, 644, -nan)
reports[-1].sigmax = ValErr(0.0114591, 0.000318063, 0)
reports[-1].sigmay = ValErr(0.146092, 0.00407327, 0)
reports[-1].sigmadxdz = ValErr(0.000307931, 8.56796e-06, 0)
reports[-1].sigmadydz = ValErr(0, 0, 0)
reports[-1].add_stats(-0.00118084, 0.079429, -4.31899e-05, -0.0125197, -0.00102036, 0.0789562, -2.83222e-05, -0.0127517, -0.00102036, 0.0789562, -2.83222e-05, -0.0127517, -0.00210405, 0.0806476, -1.88918e-05, -0.0130124, -0.00210405, 0.0806476, -1.88918e-05, -0.0130124, 0.0115225, 0.146353, 0.00030818, 0.0236516, 0.0115225, 0.146353, 0.00030818, 0.0236516)
reports[-1].CovMatrix = ['4.51877e-07','2.30367e-06','-1.91077e-06','-7.02389e-09','2.60547e-09','-3.03353e-09','-8.94124e-09','-4.82778e-08','1.16237e-11','0','0','0','2.30367e-06','5.85478e-05','-2.09135e-05','-9.22024e-09','2.36718e-09','-7.40878e-09','-1.48405e-08','-1.92678e-07','4.39226e-10','0','0','0','-1.91077e-06','-2.09135e-05','1.74736e-05','3.00653e-08','5.10075e-10','7.89508e-09','3.2845e-08','1.71845e-07','-2.58834e-10','0','0','0','-7.02389e-09','-9.22024e-09','3.00653e-08','2.80487e-09','-1.35686e-11','3.20773e-10','1.34754e-09','1.32026e-08','-1.44616e-11','0','0','0','2.60547e-09','2.36718e-09','5.10075e-10','-1.35686e-11','2.53251e-10','-1.07159e-10','-1.13008e-10','-1.09814e-09','-2.53451e-12','0','0','0','-3.03353e-09','-7.40878e-09','7.89508e-09','3.20773e-10','-1.07159e-10','1.26128e-10','2.10473e-10','2.61022e-09','-2.2574e-12','0','0','0','-8.94124e-09','-1.48405e-08','3.2845e-08','1.34754e-09','-1.13008e-10','2.10473e-10','1.01164e-07','1.35155e-08','-2.58133e-11','0','0','0','-4.82778e-08','-1.92678e-07','1.71845e-07','1.32026e-08','-1.09814e-09','2.61022e-09','1.35155e-08','1.65916e-05','-3.28517e-10','0','0','0','1.16237e-11','4.39226e-10','-2.58834e-10','-1.44616e-11','-2.53451e-12','-2.2574e-12','-2.58133e-11','-3.28517e-10','7.34099e-11','0','0','0','0','0','0','0','0','0','0','0','0','0','0','0','0','0','0','0','0','0','0','0','0','0','0','0','0','0','0','0','0','0','0','0','0','0','0','0']

reports.append(Report(577273856, ("DT", -2, 1, 10), "MBwhAst1sec10"))
reports[-1].posNum = 656
reports[-1].negNum = 0
reports[-1].fittype = "6DOF"
reports[-1].add_parameters(ValErr(0.00895102, 0.000990137, 0), \
                           ValErr(0.128525, 0.0107638, 0), \
                           ValErr(-0.0244945, 0.00735499, 0), \
                           ValErr(0.000303388, 7.65011e-05, 0), \
                           ValErr(-0.000414466, 3.19995e-05, 0), \
                           ValErr(5.02267e-05, 1.64878e-05, 0), \
                           5688.07, 656, 656, -nan)
reports[-1].sigmax = ValErr(0.020992, 0.000577325, 0)
reports[-1].sigmay = ValErr(0.15124, 0.00433365, 0)
reports[-1].sigmadxdz = ValErr(0.00076537, 2.11619e-05, 0)
reports[-1].sigmadydz = ValErr(0, 0, 0)
reports[-1].add_stats(0.00274959, 0.0974594, -0.000509174, -0.0134846, 0.00904528, 0.0941983, -0.000418286, -0.013743, 0.00904528, 0.0941983, -0.000418286, -0.013743, 0.00821436, 0.101661, -0.000452836, -0.0149061, 0.00821436, 0.101661, -0.000452836, -0.0149061, 0.0208801, 0.154594, 0.000762008, 0.0250923, 0.0208801, 0.154594, 0.000762008, 0.0250923)
reports[-1].CovMatrix = ['9.8037e-07','4.51873e-06','-3.73035e-06','3.12653e-09','3.09494e-09','-1.07678e-09','-1.83814e-08','1.48532e-08','1.44479e-10','0','0','0','4.51873e-06','0.000115859','-6.59625e-05','2.38437e-08','-5.93769e-08','2.39016e-08','-5.18611e-07','-1.30609e-06','1.90218e-09','0','0','0','-3.73035e-06','-6.59625e-05','5.40959e-05','-1.02764e-08','4.58223e-08','-1.76891e-08','4.91916e-07','9.60778e-07','-1.19165e-09','0','0','0','3.12653e-09','2.38437e-08','-1.02764e-08','5.85242e-09','-9.12613e-11','4.4849e-10','-2.4742e-10','-2.65465e-08','7.42236e-11','0','0','0','3.09494e-09','-5.93769e-08','4.58223e-08','-9.12613e-11','1.02397e-09','-2.40456e-10','7.27189e-10','5.92377e-09','1.70455e-11','0','0','0','-1.07678e-09','2.39016e-08','-1.76891e-08','4.4849e-10','-2.40456e-10','2.71849e-10','-7.41768e-10','-3.44591e-09','1.49719e-11','0','0','0','-1.83814e-08','-5.18611e-07','4.91916e-07','-2.4742e-10','7.27189e-10','-7.41768e-10','3.33304e-07','1.2611e-07','1.87155e-10','0','0','0','1.48532e-08','-1.30609e-06','9.60778e-07','-2.65465e-08','5.92377e-09','-3.44591e-09','1.2611e-07','1.87806e-05','-1.03469e-10','0','0','0','1.44479e-10','1.90218e-09','-1.19165e-09','7.42236e-11','1.70455e-11','1.49719e-11','1.87155e-10','-1.03469e-10','4.47829e-10','0','0','0','0','0','0','0','0','0','0','0','0','0','0','0','0','0','0','0','0','0','0','0','0','0','0','0','0','0','0','0','0','0','0','0','0','0','0','0']

reports.append(Report(577536000, ("DT", -2, 1, 11), "MBwhAst1sec11"))
reports[-1].posNum = 937
reports[-1].negNum = 0
reports[-1].fittype = "6DOF"
reports[-1].add_parameters(ValErr(0.00734863, 0.0015787, 0), \
                           ValErr(0.179608, 0.0134901, 0), \
                           ValErr(-0.0809363, 0.0103461, 0), \
                           ValErr(0.000432345, 7.55916e-05, 0), \
                           ValErr(-0.00120335, 4.03842e-05, 0), \
                           ValErr(-0.000131641, 2.32114e-05, 0), \
                           7291.09, 937, 937, -nan)
reports[-1].sigmax = ValErr(0.0353844, 0.000849891, 0)
reports[-1].sigmay = ValErr(0.148795, 0.00361535, 0)
reports[-1].sigmadxdz = ValErr(0.00112329, 2.68847e-05, 0)
reports[-1].sigmadydz = ValErr(0, 0, 0)
reports[-1].add_stats(0.0001039, 0.0835081, -0.00150912, -0.0117236, 0.0040317, 0.0847536, -0.00163495, -0.0119712, 0.0040317, 0.0847536, -0.00163495, -0.0119712, 0.00441495, 0.0780951, -0.00162078, -0.0110771, 0.00441495, 0.0780951, -0.00162078, -0.0110771, 0.0344049, 0.143555, 0.00109872, 0.0225575, 0.0344049, 0.143555, 0.00109872, 0.0225575)
reports[-1].CovMatrix = ['2.4923e-06','1.27724e-05','-1.04074e-05','8.88778e-09','7.4871e-09','-5.36616e-09','-1.20202e-08','-2.70231e-07','-5.10602e-10','0','0','0','1.27724e-05','0.000181984','-0.000129899','1.36879e-07','-5.71859e-08','2.17266e-08','-8.08745e-07','9.35393e-07','-1.49431e-08','0','0','0','-1.04074e-05','-0.000129899','0.000107042','-9.16703e-08','5.87505e-08','-1.96281e-08','7.27403e-07','-1.19553e-06','1.07595e-08','0','0','0','8.88778e-09','1.36879e-07','-9.16703e-08','5.71409e-09','1.89757e-10','4.41888e-10','5.62947e-10','-1.7172e-08','1.07354e-10','0','0','0','7.4871e-09','-5.71859e-08','5.87505e-08','1.89757e-10','1.63088e-09','-4.50788e-10','3.70499e-09','-3.91823e-08','1.89219e-10','0','0','0','-5.36616e-09','2.17266e-08','-1.96281e-08','4.41888e-10','-4.50788e-10','5.3877e-10','-4.34197e-09','1.52216e-08','1.69085e-11','0','0','0','-1.20202e-08','-8.08745e-07','7.27403e-07','5.62947e-10','3.70499e-09','-4.34197e-09','7.22316e-07','-1.83097e-07','-5.6471e-10','0','0','0','-2.70231e-07','9.35393e-07','-1.19553e-06','-1.7172e-08','-3.91823e-08','1.52216e-08','-1.83097e-07','1.30708e-05','-3.33076e-09','0','0','0','-5.10602e-10','-1.49431e-08','1.07595e-08','1.07354e-10','1.89219e-10','1.69085e-11','-5.6471e-10','-3.33076e-09','7.22789e-10','0','0','0','0','0','0','0','0','0','0','0','0','0','0','0','0','0','0','0','0','0','0','0','0','0','0','0','0','0','0','0','0','0','0','0','0','0','0','0']

reports.append(Report(577798144, ("DT", -2, 1, 12), "MBwhAst1sec12"))
reports[-1].posNum = 1117
reports[-1].negNum = 0
reports[-1].fittype = "6DOF"
reports[-1].add_parameters(ValErr(0.00645666, 0.00142396, 0), \
                           ValErr(0.184716, 0.0118431, 0), \
                           ValErr(-0.101714, 0.009055, 0), \
                           ValErr(0.00021529, 7.03548e-05, 0), \
                           ValErr(-0.00137878, 3.52341e-05, 0), \
                           ValErr(-4.56812e-05, 2.11238e-05, 0), \
                           8832.19, 1117, 1117, -nan)
reports[-1].sigmax = ValErr(0.0340216, 0.000739925, 0)
reports[-1].sigmay = ValErr(0.151611, 0.00334269, 0)
reports[-1].sigmadxdz = ValErr(0.00101111, 2.14765e-05, 0)
reports[-1].sigmadydz = ValErr(0, 0, 0)
reports[-1].add_stats(0.00059416, 0.0642246, -0.00147163, -0.00916939, 0.00243357, 0.0652222, -0.00165852, -0.0092414, 0.00243357, 0.0652222, -0.00165852, -0.0092414, 0.00148297, 0.0642121, -0.00160666, -0.00913654, 0.00148297, 0.0642121, -0.00160666, -0.00913654, 0.0331342, 0.142855, 0.000991201, 0.022383, 0.0331342, 0.142855, 0.000991201, 0.022383)
reports[-1].CovMatrix = ['2.02766e-06','9.87534e-06','-8.10566e-06','7.19781e-09','9.30572e-09','-7.83253e-09','4.86994e-08','-2.68685e-07','-3.67404e-11','0','0','0','9.87534e-06','0.000140258','-9.86893e-05','1.0994e-07','-3.07989e-08','5.96352e-09','-2.7714e-07','4.16661e-07','-4.56653e-09','0','0','0','-8.10566e-06','-9.86893e-05','8.19931e-05','-2.9313e-08','3.40286e-08','-3.74938e-09','2.54255e-07','-6.19393e-07','5.0726e-09','0','0','0','7.19781e-09','1.0994e-07','-2.9313e-08','4.9498e-09','2.77824e-10','3.27465e-10','3.17205e-09','-2.78797e-08','7.27029e-11','0','0','0','9.30572e-09','-3.07989e-08','3.40286e-08','2.77824e-10','1.24144e-09','-3.94567e-10','2.88739e-09','-3.17251e-08','1.26686e-10','0','0','0','-7.83253e-09','5.96352e-09','-3.74938e-09','3.27465e-10','-3.94567e-10','4.46214e-10','-3.7608e-09','1.23851e-08','1.85251e-11','0','0','0','4.86994e-08','-2.7714e-07','2.54255e-07','3.17205e-09','2.88739e-09','-3.7608e-09','5.4749e-07','-1.2119e-07','6.44836e-12','0','0','0','-2.68685e-07','4.16661e-07','-6.19393e-07','-2.78797e-08','-3.17251e-08','1.23851e-08','-1.2119e-07','1.11736e-05','-4.12611e-09','0','0','0','-3.67404e-11','-4.56653e-09','5.0726e-09','7.27029e-11','1.26686e-10','1.85251e-11','6.44836e-12','-4.12611e-09','4.61242e-10','0','0','0','0','0','0','0','0','0','0','0','0','0','0','0','0','0','0','0','0','0','0','0','0','0','0','0','0','0','0','0','0','0','0','0','0','0','0','0']

reports.append(Report(579108864, ("DT", -2, 2, 1), "MBwhAst2sec01"))
reports[-1].posNum = 1256
reports[-1].negNum = 0
reports[-1].fittype = "6DOF"
reports[-1].add_parameters(ValErr(0.00127719, 7.59074e-05, 0), \
                           ValErr(0.00510873, 0.00366926, 0), \
                           ValErr(-6.34501e-05, 0.000500132, 0), \
                           ValErr(4.58669e-06, 1.05063e-05, 0), \
                           ValErr(9.5066e-05, 8.11128e-06, 0), \
                           ValErr(-1.66952e-06, 1.29906e-06, 0), \
                           14677.3, 1256, 1256, -nan)
reports[-1].sigmax = ValErr(0.00197, 4.09932e-05, 0)
reports[-1].sigmay = ValErr(0.127878, 0.00255744, 0)
reports[-1].sigmadxdz = ValErr(0.000473128, 9.78218e-06, 0)
reports[-1].sigmadydz = ValErr(0, 0, 0)
reports[-1].add_stats(0.000617031, 0.0102205, 0.000192231, 0.000314711, 0.000656409, 0.00499373, 0.000236251, 0.000809602, 0.000656409, 0.00499373, 0.000236251, 0.000809602, 0.000564267, 0.00810818, 0.000217529, 0.000293411, 0.000564267, 0.00810818, 0.000217529, 0.000293411, 0.00194584, 0.127726, 0.000451146, 0.0220198, 0.00194584, 0.127726, 0.000451146, 0.0220198)
reports[-1].CovMatrix = ['5.76194e-09','-2.71463e-09','3.61925e-09','-1.40488e-11','3.84095e-10','-1.30909e-11','-4.10574e-10','9.03498e-10','-1.11182e-10','0','0','0','-2.71463e-09','1.34634e-05','-2.50269e-07','-1.24749e-10','8.80617e-10','6.69495e-13','-2.30791e-09','3.20797e-08','-4.0917e-10','0','0','0','3.61925e-09','-2.50269e-07','2.50132e-07','1.99288e-10','-1.03208e-09','-2.30233e-11','1.39696e-09','1.67607e-10','3.03484e-10','0','0','0','-1.40488e-11','-1.24749e-10','1.99288e-10','1.10383e-10','-8.09366e-12','-4.5739e-12','1.61166e-11','-1.39526e-10','4.81352e-12','0','0','0','3.84095e-10','8.80617e-10','-1.03208e-09','-8.09366e-12','6.57929e-11','-7.35727e-13','-7.50868e-11','1.36687e-10','-1.92846e-11','0','0','0','-1.30909e-11','6.69495e-13','-2.30233e-11','-4.5739e-12','-7.35727e-13','1.68756e-12','-1.80494e-12','-4.90342e-12','-3.33873e-13','0','0','0','-4.10574e-10','-2.30791e-09','1.39696e-09','1.61166e-11','-7.50868e-11','-1.80494e-12','1.68044e-09','-1.33989e-10','2.23718e-11','0','0','0','9.03498e-10','3.20797e-08','1.67607e-10','-1.39526e-10','1.36687e-10','-4.90342e-12','-1.33989e-10','6.54049e-06','-2.04621e-10','0','0','0','-1.11182e-10','-4.0917e-10','3.03484e-10','4.81352e-12','-1.92846e-11','-3.33873e-13','2.23718e-11','-2.04621e-10','9.56911e-11','0','0','0','0','0','0','0','0','0','0','0','0','0','0','0','0','0','0','0','0','0','0','0','0','0','0','0','0','0','0','0','0','0','0','0','0','0','0','0']

reports.append(Report(579371008, ("DT", -2, 2, 2), "MBwhAst2sec02"))
reports[-1].posNum = 1150
reports[-1].negNum = 0
reports[-1].fittype = "6DOF"
reports[-1].add_parameters(ValErr(0.00142173, 0.000107486, 0), \
                           ValErr(0.000871347, 0.00392524, 0), \
                           ValErr(-0.0027942, 0.000655934, 0), \
                           ValErr(3.4474e-05, 1.36369e-05, 0), \
                           ValErr(0.000237394, 1.19318e-05, 0), \
                           ValErr(1.69604e-05, 1.69908e-06, 0), \
                           13191.2, 1150, 1150, -nan)
reports[-1].sigmax = ValErr(0.00253223, 6.05906e-05, 0)
reports[-1].sigmay = ValErr(0.131054, 0.00273971, 0)
reports[-1].sigmadxdz = ValErr(0.000445391, 1.09612e-05, 0)
reports[-1].sigmadydz = ValErr(0, 0, 0)
reports[-1].add_stats(0.000240918, -0.00223472, 0.000477713, 0.00234321, 2.35711e-06, -0.00276483, 0.000476184, 0.0016157, 2.35711e-06, -0.00276483, 0.000476184, 0.0016157, 0.000116068, -0.00292695, 0.000493101, 0.00164733, 0.000116068, -0.00292695, 0.000493101, 0.00164733, 0.00247521, 0.128381, 0.000388505, 0.0221464, 0.00247521, 0.128381, 0.000388505, 0.0221464)
reports[-1].CovMatrix = ['1.15533e-08','-3.95285e-09','7.05065e-09','-2.9811e-11','8.75697e-10','-2.4322e-11','2.12401e-09','-1.4004e-08','-4.16834e-10','0','0','0','-3.95285e-09','1.54075e-05','-4.49716e-07','-1.07335e-10','1.83159e-09','8.55275e-11','4.73545e-09','-4.74153e-08','-9.3947e-10','0','0','0','7.05065e-09','-4.49716e-07','4.30249e-07','-2.2522e-10','-1.22615e-09','-9.06401e-11','-3.27239e-09','1.9419e-08','6.47992e-10','0','0','0','-2.9811e-11','-1.07335e-10','-2.2522e-10','1.85965e-10','-2.06133e-11','-6.05947e-12','-5.20296e-11','6.93598e-10','1.16063e-11','0','0','0','8.75697e-10','1.83159e-09','-1.22615e-09','-2.06133e-11','1.42368e-10','-1.66876e-12','3.49281e-10','-2.29512e-09','-6.8778e-11','0','0','0','-2.4322e-11','8.55275e-11','-9.06401e-11','-6.05947e-12','-1.66876e-12','2.88686e-12','4.31408e-12','5.21339e-11','-5.71824e-13','0','0','0','2.12401e-09','4.73545e-09','-3.27239e-09','-5.20296e-11','3.49281e-10','4.31408e-12','3.67122e-09','-5.51431e-09','-1.72918e-10','0','0','0','-1.4004e-08','-4.74153e-08','1.9419e-08','6.93598e-10','-2.29512e-09','5.21339e-11','-5.51431e-09','7.50604e-06','1.09325e-09','0','0','0','-4.16834e-10','-9.3947e-10','6.47992e-10','1.16063e-11','-6.8778e-11','-5.71824e-13','-1.72918e-10','1.09325e-09','1.20149e-10','0','0','0','0','0','0','0','0','0','0','0','0','0','0','0','0','0','0','0','0','0','0','0','0','0','0','0','0','0','0','0','0','0','0','0','0','0','0','0']

reports.append(Report(579633152, ("DT", -2, 2, 3), "MBwhAst2sec03"))
reports[-1].posNum = 1189
reports[-1].negNum = 0
reports[-1].fittype = "6DOF"
reports[-1].add_parameters(ValErr(0.00290137, 0.000156635, 0), \
                           ValErr(0.0357873, 0.00441705, 0), \
                           ValErr(-0.00580991, 0.0010969, 0), \
                           ValErr(-1.0427e-05, 2.11851e-05, 0), \
                           ValErr(0.000349418, 1.98879e-05, 0), \
                           ValErr(1.87111e-05, 2.4962e-06, 0), \
                           12515.1, 1189, 1189, -nan)
reports[-1].sigmax = ValErr(0.00363272, 9.23573e-05, 0)
reports[-1].sigmay = ValErr(0.147752, 0.00303786, 0)
reports[-1].sigmadxdz = ValErr(0.00070836, 1.85657e-05, 0)
reports[-1].sigmadydz = ValErr(0, 0, 0)
reports[-1].add_stats(0.00112202, 0.0273174, 0.000668551, -0.00312682, 0.00143676, 0.0293555, 0.00077972, -0.00372104, 0.00143676, 0.0293555, 0.00077972, -0.00372104, 0.001395, 0.030752, 0.000776426, -0.00393812, 0.001395, 0.030752, 0.000776426, -0.00393812, 0.00328779, 0.14562, 0.0005798, 0.0244412, 0.00328779, 0.14562, 0.0005798, 0.0244412)
reports[-1].CovMatrix = ['2.45347e-08','-4.29824e-09','1.08804e-08','1.83266e-10','1.9214e-09','-1.20694e-10','4.95595e-09','-1.89614e-08','-1.04822e-09','0','0','0','-4.29824e-09','1.95103e-05','-1.14124e-06','-1.78799e-09','7.85671e-09','3.89077e-10','2.21813e-08','-1.06408e-07','-4.74136e-09','0','0','0','1.08804e-08','-1.14124e-06','1.20319e-06','7.31921e-09','-7.98478e-09','-6.36813e-10','-2.20395e-08','1.04865e-07','4.81052e-09','0','0','0','1.83266e-10','-1.78799e-09','7.31921e-09','4.4881e-10','-8.32798e-11','-1.89425e-11','-1.84894e-10','2.25741e-09','4.72194e-11','0','0','0','1.9214e-09','7.85671e-09','-7.98478e-09','-8.32798e-11','3.95529e-10','1.77947e-12','1.07428e-09','-4.15309e-09','-2.28284e-10','0','0','0','-1.20694e-10','3.89077e-10','-6.36813e-10','-1.89425e-11','1.77947e-12','6.23102e-12','2.08898e-11','-3.15358e-11','-4.21727e-12','0','0','0','4.95595e-09','2.21813e-08','-2.20395e-08','-1.84894e-10','1.07428e-09','2.08898e-11','8.52988e-09','-1.09923e-08','-6.30726e-10','0','0','0','-1.89614e-08','-1.06408e-07','1.04865e-07','2.25741e-09','-4.15309e-09','-3.15358e-11','-1.09923e-08','9.22863e-06','2.36652e-09','0','0','0','-1.04822e-09','-4.74136e-09','4.81052e-09','4.72194e-11','-2.28284e-10','-4.21727e-12','-6.30726e-10','2.36652e-09','3.44684e-10','0','0','0','0','0','0','0','0','0','0','0','0','0','0','0','0','0','0','0','0','0','0','0','0','0','0','0','0','0','0','0','0','0','0','0','0','0','0','0']

reports.append(Report(579895296, ("DT", -2, 2, 4), "MBwhAst2sec04"))
reports[-1].posNum = 1227
reports[-1].negNum = 0
reports[-1].fittype = "6DOF"
reports[-1].add_parameters(ValErr(0.00112216, 8.45308e-05, 0), \
                           ValErr(0.0463463, 0.00415924, 0), \
                           ValErr(-0.00086504, 0.000570528, 0), \
                           ValErr(2.42141e-05, 1.16843e-05, 0), \
                           ValErr(9.71299e-05, 8.79645e-06, 0), \
                           ValErr(1.76044e-08, 1.57324e-06, 0), \
                           14067.4, 1227, 1227, -nan)
reports[-1].sigmax = ValErr(0.00213263, 4.45437e-05, 0)
reports[-1].sigmay = ValErr(0.144484, 0.00292446, 0)
reports[-1].sigmadxdz = ValErr(0.000482432, 1.0039e-05, 0)
reports[-1].sigmadydz = ValErr(0, 0, 0)
