nan = None;  NAN = None
nan = 0
reports = []
class ValErr:
    def __init__(self, value, error, antisym):
        self.value, self.error, self.antisym = value, error, antisym

    def __repr__(self):
        if self.antisym == 0.:
            return "%g +- %g" % (self.value, self.error)
        else:
            return "%g +- %g ~ %g" % (self.value, self.error, self.antisym)

class Report:
    def __init__(self, chamberId, postal_address, name):
        self.chamberId, self.postal_address, self.name = chamberId, postal_address, name
        self.status = "NOFIT"
        self.fittype = None
        self.CovMatrix = None

    def add_parameters(self, deltax, deltay, deltaz, deltaphix, deltaphiy, deltaphiz, loglikelihood, numsegments, sumofweights, redchi2):
        self.status = "PASS"
        self.deltax, self.deltay, self.deltaz, self.deltaphix, self.deltaphiy, self.deltaphiz = deltax, deltay, deltaz, deltaphix, deltaphiy, deltaphiz
        self.loglikelihood, self.numsegments, self.sumofweights, self.redchi2 = loglikelihood, numsegments, sumofweights, redchi2

    def add_stats(self, median_x, median_y, median_dxdz, median_dydz, mean30_x, mean30_y, mean20_dxdz, mean50_dydz, mean15_x, mean15_y, mean10_dxdz, mean25_dydz, wmean30_x, wmean30_y, wmean20_dxdz, wmean50_dydz, wmean15_x, wmean15_y, wmean10_dxdz, wmean25_dydz, stdev30_x, stdev30_y, stdev20_dxdz, stdev50_dydz, stdev15_x, stdev15_y, stdev10_dxdz, stdev25_dydz):
        self.median_x, self.median_y, self.median_dxdz, self.median_dydz, self.mean30_x, self.mean30_y, self.mean20_dxdz, self.mean50_dydz, self.mean15_x, self.mean15_y, self.mean10_dxdz, self.mean25_dydz, self.wmean30_x, self.wmean30_y, self.wmean20_dxdz, self.wmean50_dydz, self.wmean15_x, self.wmean15_y, self.wmean10_dxdz, self.wmean25_dydz, self.stdev30_x, self.stdev30_y, self.stdev20_dxdz, self.stdev50_dydz, self.stdev15_x, self.stdev15_y, self.stdev10_dxdz, self.stdev25_dydz = median_x, median_y, median_dxdz, median_dydz, mean30_x, mean30_y, mean20_dxdz, mean50_dydz, mean15_x, mean15_y, mean10_dxdz, mean25_dydz, wmean30_x, wmean30_y, wmean20_dxdz, wmean50_dydz, wmean15_x, wmean15_y, wmean10_dxdz, wmean25_dydz, stdev30_x, stdev30_y, stdev20_dxdz, stdev50_dydz, stdev15_x, stdev15_y, stdev10_dxdz, stdev25_dydz

    def __repr__(self):
        return "<Report %s %s %s>" % (self.postal_address[0], " ".join(map(str, self.postal_address[1:])), self.status)

reports.append(Report(574914560, ("DT", -2, 1, 1), "MBwhAst1sec01"))
reports[-1].posNum = 303
reports[-1].negNum = 0
reports[-1].fittype = "6DOF"
reports[-1].add_parameters(ValErr(-0.0293706, 0.0033957, 0), \
                           ValErr(0.11753, 0.0285757, 0), \
                           ValErr(-0.0279041, 0.0224643, 0), \
                           ValErr(0.000324376, 0.000154891, 0), \
                           ValErr(-0.000723515, 7.37114e-05, 0), \
                           ValErr(3.63471e-05, 5.16983e-05, 0), \
                           2274.52, 303, 303, -nan)
reports[-1].sigmax = ValErr(0.0454213, 0.00185639, 0)
reports[-1].sigmay = ValErr(0.152081, 0.00620603, 0)
reports[-1].sigmadxdz = ValErr(0.00112683, 4.58242e-05, 0)
reports[-1].sigmadydz = ValErr(0, 0, 0)
reports[-1].add_stats(-0.00413093, 0.062227, -0.000457135, -0.00829085, -0.0280769, 0.0729239, -0.000752991, -0.00962849, -0.0280769, 0.0729239, -0.000752991, -0.00962849, -0.0307842, 0.0572142, -0.000810817, -0.00693405, -0.0307842, 0.0572142, -0.000810817, -0.00693405, 0.0460013, 0.154831, 0.00112546, 0.0236937, 0.0460013, 0.154831, 0.00112546, 0.0236937)
reports[-1].CovMatrix = ['1.15308e-05','4.52081e-05','-3.81482e-05','2.81721e-08','6.18671e-08','-5.77982e-08','2.43904e-07','-5.85626e-07','-1.48557e-09','0','0','0','4.52081e-05','0.000816572','-0.00060597','8.8993e-07','-2.3673e-07','1.96292e-07','-4.32536e-07','1.18416e-06','3.78082e-09','0','0','0','-3.81482e-05','-0.00060597','0.000504643','-2.91297e-07','1.67346e-07','-1.08249e-07','4.19164e-07','-1.32503e-06','-1.32725e-09','0','0','0','2.81721e-08','8.8993e-07','-2.91297e-07','2.39912e-08','1.36674e-10','1.90869e-09','7.59383e-09','-3.45096e-08','8.56377e-11','0','0','0','6.18671e-08','-2.3673e-07','1.67346e-07','1.36674e-10','5.43338e-09','-2.22305e-09','1.0901e-08','-3.83006e-08','1.68425e-11','0','0','0','-5.77982e-08','1.96292e-07','-1.08249e-07','1.90869e-09','-2.22305e-09','2.67272e-09','-9.18414e-09','1.99453e-08','8.19869e-11','0','0','0','2.43904e-07','-4.32536e-07','4.19164e-07','7.59383e-09','1.0901e-08','-9.18414e-09','3.44619e-06','-1.1053e-07','-2.12316e-10','0','0','0','-5.85626e-07','1.18416e-06','-1.32503e-06','-3.45096e-08','-3.83006e-08','1.99453e-08','-1.1053e-07','3.85151e-05','1.21041e-10','0','0','0','-1.48557e-09','3.78082e-09','-1.32725e-09','8.56377e-11','1.68425e-11','8.19869e-11','-2.12316e-10','1.21041e-10','2.09987e-09','0','0','0','0','0','0','0','0','0','0','0','0','0','0','0','0','0','0','0','0','0','0','0','0','0','0','0','0','0','0','0','0','0','0','0','0','0','0','0']

reports.append(Report(575176704, ("DT", -2, 1, 2), "MBwhAst1sec02"))
reports[-1].posNum = 147
reports[-1].negNum = 0
reports[-1].fittype = "6DOF"
reports[-1].add_parameters(ValErr(-0.00824533, 0.00263943, 0), \
                           ValErr(0.0647562, 0.0216689, 0), \
                           ValErr(0.0260705, 0.0155473, 0), \
                           ValErr(0.000172627, 0.000153952, 0), \
                           ValErr(0.000513799, 6.02304e-05, 0), \
                           ValErr(6.07173e-05, 3.95754e-05, 0), \
                           1314.07, 147, 147, -nan)
reports[-1].sigmax = ValErr(0.0224078, 0.00132001, 0)
reports[-1].sigmay = ValErr(0.143581, 0.00851298, 0)
reports[-1].sigmadxdz = ValErr(0.000577478, 3.39769e-05, 0)
reports[-1].sigmadydz = ValErr(0, 0, 0)
reports[-1].add_stats(-0.00150438, 0.086419, 0.000660283, -0.00951698, -0.00734641, 0.0914271, 0.000618185, -0.0122811, -0.00734641, 0.0914271, 0.000618185, -0.0122811, -0.00791583, 0.0802897, 0.000510758, -0.0106036, -0.00791583, 0.0802897, 0.000510758, -0.0106036, 0.021956, 0.140439, 0.000575747, 0.0221437, 0.021956, 0.140439, 0.000575747, 0.0221437)
reports[-1].CovMatrix = ['6.96658e-06','2.47489e-05','-2.22144e-05','-5.02774e-08','5.40251e-08','-5.25037e-08','2.61582e-07','1.86843e-06','-7.04468e-10','0','0','0','2.47489e-05','0.00046954','-0.000275305','1.80527e-07','-4.75302e-08','-2.67229e-08','5.85442e-07','1.23563e-06','1.08883e-08','0','0','0','-2.22144e-05','-0.000275305','0.000241719','3.71091e-07','4.48839e-08','6.89424e-08','-6.27625e-07','-4.17958e-06','8.05058e-10','0','0','0','-5.02774e-08','1.80527e-07','3.71091e-07','2.37013e-08','4.34153e-10','1.94914e-09','-5.30017e-09','-1.41994e-07','4.49899e-10','0','0','0','5.40251e-08','-4.75302e-08','4.48839e-08','4.34153e-10','3.6277e-09','-1.43643e-09','5.44158e-09','6.73213e-08','-1.28074e-10','0','0','0','-5.25037e-08','-2.67229e-08','6.89424e-08','1.94914e-09','-1.43643e-09','1.56621e-09','-7.13011e-09','-5.03624e-08','2.05004e-11','0','0','0','2.61582e-07','5.85442e-07','-6.27625e-07','-5.30017e-09','5.44158e-09','-7.13011e-09','1.74244e-06','1.97785e-07','8.66487e-11','0','0','0','1.86843e-06','1.23563e-06','-4.17958e-06','-1.41994e-07','6.73213e-08','-5.03624e-08','1.97785e-07','7.24721e-05','-4.41521e-09','0','0','0','-7.04468e-10','1.08883e-08','8.05058e-10','4.49899e-10','-1.28074e-10','2.05004e-11','8.66487e-11','-4.41521e-09','1.15444e-09','0','0','0','0','0','0','0','0','0','0','0','0','0','0','0','0','0','0','0','0','0','0','0','0','0','0','0','0','0','0','0','0','0','0','0','0','0','0','0']

reports.append(Report(575438848, ("DT", -2, 1, 3), "MBwhAst1sec03"))
reports[-1].posNum = 162
reports[-1].negNum = 0
reports[-1].fittype = "6DOF"
reports[-1].add_parameters(ValErr(-0.0161766, 0.00333702, 0), \
                           ValErr(0.000572527, 0.0300613, 0), \
                           ValErr(0.0784616, 0.0221875, 0), \
                           ValErr(0.000196133, 0.000141435, 0), \
                           ValErr(0.000481315, 5.91435e-05, 0), \
                           ValErr(3.31203e-06, 4.54835e-05, 0), \
                           1427.89, 162, 162, -nan)
reports[-1].sigmax = ValErr(0.0312074, 0.00177932, 0)
reports[-1].sigmay = ValErr(0.165876, 0.0092685, 0)
reports[-1].sigmadxdz = ValErr(0.000406742, 2.27473e-05, 0)
reports[-1].sigmadydz = ValErr(0, 0, 0)
reports[-1].add_stats(-0.000390038, 0.0789948, 0.000460048, -0.0124088, -0.0112035, 0.0922142, 0.000492236, -0.01354, -0.0112035, 0.0922142, 0.000492236, -0.01354, -0.0128334, 0.101558, 0.000462105, -0.0143727, -0.0128334, 0.101558, 0.000462105, -0.0143727, 0.0314806, 0.162283, 0.0004074, 0.026179, 0.0314806, 0.162283, 0.0004074, 0.026179)
reports[-1].CovMatrix = ['1.11357e-05','5.76394e-05','-4.65998e-05','3.40905e-08','3.06744e-08','-2.27739e-08','-1.70258e-08','3.62065e-07','3.01424e-10','0','0','0','5.76394e-05','0.000903681','-0.000602737','7.34588e-07','-1.40288e-07','1.68426e-07','3.42552e-06','-5.89658e-06','-6.60029e-09','0','0','0','-4.65998e-05','-0.000602737','0.000492283','-4.36596e-07','1.42945e-07','-1.34979e-07','-2.442e-06','8.01621e-06','-2.86863e-09','0','0','0','3.40905e-08','7.34588e-07','-4.36596e-07','2.00039e-08','2.24553e-10','1.97958e-09','2.41176e-08','-8.55383e-08','-1.15061e-10','0','0','0','3.06744e-08','-1.40288e-07','1.42945e-07','2.24553e-10','3.49795e-09','-2.12875e-09','-1.10144e-08','7.79367e-08','-6.33568e-11','0','0','0','-2.27739e-08','1.68426e-07','-1.34979e-07','1.97958e-09','-2.12875e-09','2.06875e-09','1.40263e-08','-7.02661e-08','-4.51763e-12','0','0','0','-1.70258e-08','3.42552e-06','-2.442e-06','2.41176e-08','-1.10144e-08','1.40263e-08','3.16598e-06','-7.00468e-07','7.19761e-11','0','0','0','3.62065e-07','-5.89658e-06','8.01621e-06','-8.55383e-08','7.79367e-08','-7.02661e-08','-7.00468e-07','8.59066e-05','9.66779e-10','0','0','0','3.01424e-10','-6.60029e-09','-2.86863e-09','-1.15061e-10','-6.33568e-11','-4.51763e-12','7.19761e-11','9.66779e-10','5.17442e-10','0','0','0','0','0','0','0','0','0','0','0','0','0','0','0','0','0','0','0','0','0','0','0','0','0','0','0','0','0','0','0','0','0','0','0','0','0','0','0']

reports.append(Report(575700992, ("DT", -2, 1, 4), "MBwhAst1sec04"))
reports[-1].posNum = 303
reports[-1].negNum = 0
reports[-1].fittype = "6DOF"
reports[-1].add_parameters(ValErr(0.0340825, 0.00375533, 0), \
                           ValErr(0.238012, 0.0355043, 0), \
                           ValErr(-0.0805902, 0.0276728, 0), \
                           ValErr(0.000635985, 0.000158007, 0), \
                           ValErr(0.000408499, 8.9801e-05, 0), \
                           ValErr(-0.000173529, 5.78311e-05, 0), \
                           2125.11, 303, 303, -nan)
reports[-1].sigmax = ValErr(0.0526847, 0.00219234, 0)
reports[-1].sigmay = ValErr(0.159502, 0.00666911, 0)
reports[-1].sigmadxdz = ValErr(0.00151664, 6.24581e-05, 0)
reports[-1].sigmadydz = ValErr(0, 0, 0)
reports[-1].add_stats(0.00274731, 0.139934, -0.000231317, -0.0168343, 0.0247172, 0.140846, 0.00032005, -0.0176895, 0.0247172, 0.140846, 0.00032005, -0.0176895, 0.0288389, 0.149365, 0.000393196, -0.0179113, 0.0288389, 0.149365, 0.000393196, -0.0179113, 0.0563975, 0.157208, 0.00151022, 0.0248265, 0.0563975, 0.157208, 0.00151022, 0.0248265)
reports[-1].CovMatrix = ['1.41025e-05','7.19258e-05','-5.84215e-05','9.13009e-08','3.52401e-08','-1.60514e-08','-2.81556e-07','2.47345e-07','-3.56731e-09','0','0','0','7.19258e-05','0.00126056','-0.000948895','1.43859e-06','-3.00332e-07','2.70734e-07','2.43379e-07','-1.29741e-05','-5.19034e-08','0','0','0','-5.84215e-05','-0.000948895','0.000765781','-1.11153e-06','1.85717e-07','-1.88306e-07','2.52132e-07','9.31169e-06','4.16236e-08','0','0','0','9.13009e-08','1.43859e-06','-1.11153e-06','2.49662e-08','3.66145e-10','1.82918e-09','1.36144e-08','-4.79058e-09','-4.80008e-10','0','0','0','3.52401e-08','-3.00332e-07','1.85717e-07','3.66145e-10','8.06422e-09','-2.56886e-09','-2.74345e-08','1.35675e-07','-3.98533e-10','0','0','0','-1.60514e-08','2.70734e-07','-1.88306e-07','1.82918e-09','-2.56886e-09','3.34444e-09','3.412e-08','-6.71956e-08','-3.39875e-10','0','0','0','-2.81556e-07','2.43379e-07','2.52132e-07','1.36144e-08','-2.74345e-08','3.412e-08','4.80638e-06','-8.46784e-07','-4.11093e-09','0','0','0','2.47345e-07','-1.29741e-05','9.31169e-06','-4.79058e-09','1.35675e-07','-6.71956e-08','-8.46784e-07','4.44774e-05','-1.19855e-09','0','0','0','-3.56731e-09','-5.19034e-08','4.16236e-08','-4.80008e-10','-3.98533e-10','-3.39875e-10','-4.11093e-09','-1.19855e-09','3.90104e-09','0','0','0','0','0','0','0','0','0','0','0','0','0','0','0','0','0','0','0','0','0','0','0','0','0','0','0','0','0','0','0','0','0','0','0','0','0','0','0']

reports.append(Report(575963136, ("DT", -2, 1, 5), "MBwhAst1sec05"))
reports[-1].posNum = 0
reports[-1].negNum = 0
reports[-1].status = "TOOFEWHITS"

reports.append(Report(576225280, ("DT", -2, 1, 6), "MBwhAst1sec06"))
reports[-1].posNum = 0
reports[-1].negNum = 0
reports[-1].status = "TOOFEWHITS"

reports.append(Report(576487424, ("DT", -2, 1, 7), "MBwhAst1sec07"))
reports[-1].posNum = 286
reports[-1].negNum = 0
reports[-1].fittype = "6DOF"
reports[-1].add_parameters(ValErr(0.00289139, 0.00115364, 0), \
                           ValErr(0.0558669, 0.0125738, 0), \
                           ValErr(-0.0151659, 0.00773047, 0), \
                           ValErr(-0.000290413, 9.07042e-05, 0), \
                           ValErr(-9.41605e-05, 2.88907e-05, 0), \
                           ValErr(-3.62399e-05, 2.10264e-05, 0), \
                           2868.95, 286, 286, -nan)
reports[-1].sigmax = ValErr(0.0135043, 0.000566779, 0)
reports[-1].sigmay = ValErr(0.143281, 0.00596467, 0)
reports[-1].sigmadxdz = ValErr(0.000322176, 1.3463e-05, 0)
reports[-1].sigmadydz = ValErr(0, 0, 0)
reports[-1].add_stats(0.000487328, 0.0205291, -7.18454e-05, -0.00314456, 0.00156761, 0.0419947, -0.000106601, -0.00658522, 0.00156761, 0.0419947, -0.000106601, -0.00658522, 0.00146615, 0.0308848, -0.000117705, -0.00472746, 0.00146615, 0.0308848, -0.000117705, -0.00472746, 0.0136149, 0.142512, 0.000327672, 0.022904, 0.0136149, 0.142512, 0.000327672, 0.022904)
reports[-1].CovMatrix = ['1.3309e-06','6.76228e-06','-5.54528e-06','-1.23853e-08','1.05215e-08','-1.00817e-08','-3.02035e-08','2.88584e-07','-1.12054e-10','0','0','0','6.76228e-06','0.0001581','-7.25982e-05','1.44465e-07','1.27005e-08','-4.94472e-09','-1.4809e-07','-1.89531e-06','-1.57993e-09','0','0','0','-5.54528e-06','-7.25982e-05','5.97601e-05','5.79789e-08','-6.50823e-10','1.71894e-08','1.69401e-07','-9.92301e-07','8.04102e-10','0','0','0','-1.23853e-08','1.44465e-07','5.79789e-08','8.22724e-09','1.05803e-11','6.97873e-10','-6.19166e-10','-3.47895e-08','1.5868e-10','0','0','0','1.05215e-08','1.27005e-08','-6.50823e-10','1.05803e-11','8.34671e-10','-4.38827e-10','-9.36268e-10','1.18143e-08','3.31141e-12','0','0','0','-1.00817e-08','-4.94472e-09','1.71894e-08','6.97873e-10','-4.38827e-10','4.42109e-10','5.30984e-10','-9.39192e-09','1.26144e-11','0','0','0','-3.02035e-08','-1.4809e-07','1.69401e-07','-6.19166e-10','-9.36268e-10','5.30984e-10','3.21238e-07','3.08126e-08','7.73166e-11','0','0','0','2.88584e-07','-1.89531e-06','-9.92301e-07','-3.47895e-08','1.18143e-08','-9.39192e-09','3.08126e-08','3.55775e-05','-1.70184e-09','0','0','0','-1.12054e-10','-1.57993e-09','8.04102e-10','1.5868e-10','3.31141e-12','1.26144e-11','7.73166e-11','-1.70184e-09','1.81252e-10','0','0','0','0','0','0','0','0','0','0','0','0','0','0','0','0','0','0','0','0','0','0','0','0','0','0','0','0','0','0','0','0','0','0','0','0','0','0','0']

reports.append(Report(576749568, ("DT", -2, 1, 8), "MBwhAst1sec08"))
reports[-1].posNum = 276
reports[-1].negNum = 0
reports[-1].fittype = "6DOF"
reports[-1].add_parameters(ValErr(-0.00399138, 0.00179772, 0), \
                           ValErr(0.131613, 0.0171122, 0), \
                           ValErr(0.00670204, 0.012517, 0), \
                           ValErr(0.000274312, 0.000129518, 0), \
                           ValErr(-1.10793e-05, 5.52715e-05, 0), \
                           ValErr(5.0307e-05, 3.11294e-05, 0), \
                           2375.41, 276, 276, -nan)
reports[-1].sigmax = ValErr(0.0223053, 0.000950694, 0)
reports[-1].sigmay = ValErr(0.134061, 0.0057422, 0)
reports[-1].sigmadxdz = ValErr(0.000866565, 3.70388e-05, 0)
reports[-1].sigmadydz = ValErr(0, 0, 0)
reports[-1].add_stats(0.000322337, 0.1234, 0.000193476, -0.0169192, -0.00287259, 0.135376, 4.64685e-05, -0.0185236, -0.00287259, 0.135376, 4.64685e-05, -0.0185236, -0.00353417, 0.126207, 7.22453e-05, -0.017587, -0.00353417, 0.126207, 7.22453e-05, -0.017587, 0.0222701, 0.136361, 0.000860621, 0.0227627, 0.0222701, 0.136361, 0.000860621, 0.0227627)
reports[-1].CovMatrix = ['3.23178e-06','1.50882e-05','-1.27664e-05','-9.16893e-09','1.91319e-08','-1.72494e-08','-3.3592e-08','2.47005e-07','-2.07706e-10','0','0','0','1.50882e-05','0.000292827','-0.000187255','1.67853e-07','-1.07892e-07','2.83675e-08','-2.9166e-07','7.88112e-07','6.98059e-09','0','0','0','-1.27664e-05','-0.000187255','0.000156676','7.23603e-08','8.33633e-08','-2.1009e-09','2.89269e-07','-1.63089e-06','-8.05878e-10','0','0','0','-9.16893e-09','1.67853e-07','7.23603e-08','1.6775e-08','2.03869e-10','1.40092e-09','3.6178e-09','-7.9155e-08','3.83662e-10','0','0','0','1.91319e-08','-1.07892e-07','8.33633e-08','2.03869e-10','3.05494e-09','-7.86809e-10','5.2066e-10','7.58198e-09','-6.6556e-11','0','0','0','-1.72494e-08','2.83675e-08','-2.1009e-09','1.40092e-09','-7.86809e-10','9.69038e-10','1.07508e-09','-1.01926e-08','2.54987e-11','0','0','0','-3.3592e-08','-2.9166e-07','2.89269e-07','3.6178e-09','5.2066e-10','1.07508e-09','9.0382e-07','-1.99504e-08','3.61281e-11','0','0','0','2.47005e-07','7.88112e-07','-1.63089e-06','-7.9155e-08','7.58198e-09','-1.01926e-08','-1.99504e-08','3.29731e-05','-1.95707e-09','0','0','0','-2.07706e-10','6.98059e-09','-8.05878e-10','3.83662e-10','-6.6556e-11','2.54987e-11','3.61281e-11','-1.95707e-09','1.37188e-09','0','0','0','0','0','0','0','0','0','0','0','0','0','0','0','0','0','0','0','0','0','0','0','0','0','0','0','0','0','0','0','0','0','0','0','0','0','0','0']

reports.append(Report(577011712, ("DT", -2, 1, 9), "MBwhAst1sec09"))
reports[-1].posNum = 0
reports[-1].negNum = 0
reports[-1].status = "TOOFEWHITS"

reports.append(Report(577273856, ("DT", -2, 1, 10), "MBwhAst1sec10"))
reports[-1].posNum = 198
reports[-1].negNum = 0
reports[-1].fittype = "6DOF"
reports[-1].add_parameters(ValErr(0.0159032, 0.00400495, 0), \
                           ValErr(0.161714, 0.0351863, 0), \
                           ValErr(-0.0621675, 0.0274008, 0), \
                           ValErr(0.000227869, 0.000172586, 0), \
                           ValErr(-0.000201967, 8.43253e-05, 0), \
                           ValErr(-1.59413e-06, 5.44858e-05, 0), \
                           1500.69, 198, 198, -nan)
reports[-1].sigmax = ValErr(0.0440317, 0.00225021, 0)
reports[-1].sigmay = ValErr(0.155698, 0.00812903, 0)
reports[-1].sigmadxdz = ValErr(0.00105589, 5.31259e-05, 0)
reports[-1].sigmadydz = ValErr(0, 0, 0)
reports[-1].add_stats(0.00249979, 0.0891448, -0.0004434, -0.0106251, 0.0111509, 0.0841932, -0.000241747, -0.0111733, 0.0111509, 0.0841932, -0.000241747, -0.0111733, 0.0102105, 0.0736047, -0.000193746, -0.0101317, 0.0102105, 0.0736047, -0.000193746, -0.0101317, 0.0445603, 0.155867, 0.00105698, 0.0253563, 0.0445603, 0.155867, 0.00105698, 0.0253563)
reports[-1].CovMatrix = ['1.60397e-05','7.72995e-05','-6.38717e-05','9.46452e-08','5.41693e-08','-3.33555e-08','-9.1102e-07','-4.3836e-07','6.11028e-09','0','0','0','7.72995e-05','0.00123808','-0.000913582','1.2093e-06','-2.67607e-07','2.0515e-07','-1.03594e-05','-3.95028e-06','3.22087e-08','0','0','0','-6.38717e-05','-0.000913582','0.000750805','-8.23696e-07','2.13203e-07','-1.46737e-07','7.8485e-06','1.68172e-06','-2.15011e-08','0','0','0','9.46452e-08','1.2093e-06','-8.23696e-07','2.97859e-08','7.31874e-10','2.17494e-09','-2.90699e-08','9.68461e-08','2.22347e-10','0','0','0','5.41693e-08','-2.67607e-07','2.13203e-07','7.31874e-10','7.11075e-09','-2.50157e-09','-2.067e-09','-3.53069e-09','1.20609e-10','0','0','0','-3.33555e-08','2.0515e-07','-1.46737e-07','2.17494e-09','-2.50157e-09','2.9687e-09','-2.59968e-09','1.51475e-08','2.70822e-11','0','0','0','-9.1102e-07','-1.03594e-05','7.8485e-06','-2.90699e-08','-2.067e-09','-2.59968e-09','5.06345e-06','-7.4136e-07','-3.58601e-09','0','0','0','-4.3836e-07','-3.95028e-06','1.68172e-06','9.68461e-08','-3.53069e-09','1.51475e-08','-7.4136e-07','6.60821e-05','8.74014e-09','0','0','0','6.11028e-09','3.22087e-08','-2.15011e-08','2.22347e-10','1.20609e-10','2.70822e-11','-3.58601e-09','8.74014e-09','2.82238e-09','0','0','0','0','0','0','0','0','0','0','0','0','0','0','0','0','0','0','0','0','0','0','0','0','0','0','0','0','0','0','0','0','0','0','0','0','0','0','0']

reports.append(Report(577536000, ("DT", -2, 1, 11), "MBwhAst1sec11"))
reports[-1].posNum = 191
reports[-1].negNum = 0
reports[-1].fittype = "6DOF"
reports[-1].add_parameters(ValErr(0.00630086, 0.00249319, 0), \
                           ValErr(0.139504, 0.0236293, 0), \
                           ValErr(-0.0562852, 0.0166381, 0), \
                           ValErr(2.17844e-05, 0.000167928, 0), \
                           ValErr(-0.00130777, 7.97071e-05, 0), \
                           ValErr(-0.000129272, 3.86126e-05, 0), \
                           1567.35, 191, 191, -nan)
reports[-1].sigmax = ValErr(0.0240075, 0.00123582, 0)
reports[-1].sigmay = ValErr(0.16389, 0.00842066, 0)
reports[-1].sigmadxdz = ValErr(0.000982987, 5.15511e-05, 0)
reports[-1].sigmadydz = ValErr(0, 0, 0)
reports[-1].add_stats(0.00200554, 0.091903, -0.00144457, -0.0148787, 0.00516804, 0.0831567, -0.00163309, -0.0128509, 0.00516804, 0.0831567, -0.00163309, -0.0128509, 0.00782953, 0.0959313, -0.00156144, -0.013866, 0.00782953, 0.0959313, -0.00156144, -0.013866, 0.0236628, 0.156672, 0.000962086, 0.0243631, 0.0236628, 0.156672, 0.000962086, 0.0243631)
reports[-1].CovMatrix = ['6.21601e-06','3.43276e-05','-2.75514e-05','8.10058e-09','2.30473e-08','-2.23943e-08','-1.58042e-07','-8.24745e-07','-5.72512e-10','0','0','0','3.43276e-05','0.000558342','-0.000337065','4.46276e-07','-2.00199e-07','1.72186e-08','-2.15801e-06','-2.24901e-06','-4.051e-08','0','0','0','-2.75514e-05','-0.000337065','0.000276826','-1.12839e-07','2.41693e-07','-1.16921e-08','1.89138e-06','-1.43024e-06','4.32786e-08','0','0','0','8.10058e-09','4.46276e-07','-1.12839e-07','2.81999e-08','1.42743e-09','2.61401e-09','1.69254e-08','-2.49067e-07','8.66085e-10','0','0','0','2.30473e-08','-2.00199e-07','2.41693e-07','1.42743e-09','6.35322e-09','-1.26577e-09','3.50605e-09','-1.32373e-07','7.41603e-10','0','0','0','-2.23943e-08','1.72186e-08','-1.16921e-08','2.61401e-09','-1.26577e-09','1.49094e-09','-4.54028e-09','3.73806e-09','5.65592e-11','0','0','0','-1.58042e-07','-2.15801e-06','1.89138e-06','1.69254e-08','3.50605e-09','-4.54028e-09','1.52725e-06','-7.72178e-07','5.83231e-10','0','0','0','-8.24745e-07','-2.24901e-06','-1.43024e-06','-2.49067e-07','-1.32373e-07','3.73806e-09','-7.72178e-07','7.09086e-05','-2.36821e-08','0','0','0','-5.72512e-10','-4.051e-08','4.32786e-08','8.66085e-10','7.41603e-10','5.65592e-11','5.83231e-10','-2.36821e-08','2.65754e-09','0','0','0','0','0','0','0','0','0','0','0','0','0','0','0','0','0','0','0','0','0','0','0','0','0','0','0','0','0','0','0','0','0','0','0','0','0','0','0']

reports.append(Report(577798144, ("DT", -2, 1, 12), "MBwhAst1sec12"))
reports[-1].posNum = 304
reports[-1].negNum = 0
reports[-1].fittype = "6DOF"
reports[-1].add_parameters(ValErr(0.00561791, 0.00282984, 0), \
                           ValErr(0.144082, 0.02539, 0), \
                           ValErr(-0.0750375, 0.019404, 0), \
                           ValErr(0.000221704, 0.000143071, 0), \
                           ValErr(-0.00143612, 7.12597e-05, 0), \
                           ValErr(1.31197e-05, 4.56759e-05, 0), \
                           2377.1, 304, 304, -nan)
reports[-1].sigmax = ValErr(0.0361613, 0.00158031, 0)
reports[-1].sigmay = ValErr(0.154083, 0.0065913, 0)
reports[-1].sigmadxdz = ValErr(0.00102175, 4.27318e-05, 0)
reports[-1].sigmadydz = ValErr(0, 0, 0)
reports[-1].add_stats(0.000600633, 0.0556308, -0.00150079, -0.00583204, 0.00527934, 0.0532602, -0.00164544, -0.00661007, 0.00527934, 0.0532602, -0.00164544, -0.00661007, 0.00507621, 0.0575408, -0.00164471, -0.00743814, 0.00507621, 0.0575408, -0.00164471, -0.00743814, 0.035707, 0.143502, 0.000997567, 0.0226237, 0.035707, 0.143502, 0.000997567, 0.0226237)
reports[-1].CovMatrix = ['8.00799e-06','4.15543e-05','-3.39267e-05','3.08318e-08','2.43601e-08','-1.72757e-08','-1.66489e-08','-9.55102e-07','1.42804e-09','0','0','0','4.15543e-05','0.000644654','-0.000460901','5.60022e-07','-1.96016e-07','1.0356e-07','-3.70466e-06','5.01706e-06','-1.12753e-08','0','0','0','-3.39267e-05','-0.000460901','0.000376515','-3.29053e-07','1.71588e-07','-7.94232e-08','2.80398e-06','-4.87116e-06','1.12913e-08','0','0','0','3.08318e-08','5.60022e-07','-3.29053e-07','2.04693e-08','5.05202e-10','1.66886e-09','-5.64825e-09','-5.3311e-08','5.19865e-10','0','0','0','2.43601e-08','-1.96016e-07','1.71588e-07','5.05202e-10','5.07795e-09','-1.87229e-09','1.98936e-08','-1.39111e-07','4.49009e-10','0','0','0','-1.72757e-08','1.0356e-07','-7.94232e-08','1.66886e-09','-1.87229e-09','2.08629e-09','-2.10589e-08','6.60426e-08','1.3163e-10','0','0','0','-1.66489e-08','-3.70466e-06','2.80398e-06','-5.64825e-09','1.98936e-08','-2.10589e-08','2.49738e-06','-6.22129e-07','-1.68193e-09','0','0','0','-9.55102e-07','5.01706e-06','-4.87116e-06','-5.3311e-08','-1.39111e-07','6.60426e-08','-6.22129e-07','4.34457e-05','-9.54372e-09','0','0','0','1.42804e-09','-1.12753e-08','1.12913e-08','5.19865e-10','4.49009e-10','1.3163e-10','-1.68193e-09','-9.54372e-09','1.82602e-09','0','0','0','0','0','0','0','0','0','0','0','0','0','0','0','0','0','0','0','0','0','0','0','0','0','0','0','0','0','0','0','0','0','0','0','0','0','0','0']

reports.append(Report(579108864, ("DT", -2, 2, 1), "MBwhAst2sec01"))
reports[-1].posNum = 0
reports[-1].negNum = 0
reports[-1].status = "TOOFEWHITS"

reports.append(Report(579371008, ("DT", -2, 2, 2), "MBwhAst2sec02"))
reports[-1].posNum = 280
reports[-1].negNum = 0
reports[-1].fittype = "6DOF"
reports[-1].add_parameters(ValErr(0.000981126, 0.000207231, 0), \
                           ValErr(-0.00722509, 0.00861852, 0), \
                           ValErr(-0.00251174, 0.00129221, 0), \
                           ValErr(-1.51565e-05, 2.68238e-05, 0), \
                           ValErr(0.000185031, 2.51688e-05, 0), \
                           ValErr(1.74555e-05, 3.24309e-06, 0), \
                           3173.45, 280, 280, -nan)
reports[-1].sigmax = ValErr(0.00237268, 0.000115999, 0)
reports[-1].sigmay = ValErr(0.139184, 0.00618259, 0)
reports[-1].sigmadxdz = ValErr(0.000513198, 2.97046e-05, 0)
reports[-1].sigmadydz = ValErr(0, 0, 0)
reports[-1].add_stats(0.000272987, -0.00981306, 0.000479401, 0.0029438, 5.6628e-05, -0.0100401, 0.000484526, 0.0031032, 5.6628e-05, -0.0100401, 0.000484526, 0.0031032, 0.000216407, -0.00349965, 0.000465331, 0.00243692, 0.000216407, -0.00349965, 0.000465331, 0.00243692, 0.00231733, 0.137002, 0.000430092, 0.0228162, 0.00231733, 0.137002, 0.000430092, 0.0228162)
reports[-1].CovMatrix = ['4.29445e-08','-1.57076e-08','1.68623e-08','-4.18724e-11','3.49247e-09','-1.43637e-10','7.57281e-09','-5.48158e-08','-1.8425e-09','0','0','0','-1.57076e-08','7.42789e-05','-1.39235e-06','-8.56815e-09','1.16862e-08','1.3974e-09','-7.2681e-09','4.04778e-06','-3.70014e-08','0','0','0','1.68623e-08','-1.39235e-06','1.66979e-06','3.84224e-09','-8.01576e-09','-1.02844e-09','-1.90771e-08','3.24194e-07','4.35528e-09','0','0','0','-4.18724e-11','-8.56815e-09','3.84224e-09','7.19516e-10','-1.43877e-10','-2.42927e-11','-4.58963e-10','-7.58845e-09','1.2003e-10','0','0','0','3.49247e-09','1.16862e-08','-8.01576e-09','-1.43877e-10','6.3347e-10','-3.9452e-12','1.40224e-09','-3.55613e-09','-3.81292e-10','0','0','0','-1.43637e-10','1.3974e-09','-1.02844e-09','-2.42927e-11','-3.9452e-12','1.05176e-11','3.09313e-11','2.19979e-10','-1.08035e-12','0','0','0','7.57281e-09','-7.2681e-09','-1.90771e-08','-4.58963e-10','1.40224e-09','3.09313e-11','1.34558e-08','-4.45792e-08','-6.3928e-10','0','0','0','-5.48158e-08','4.04778e-06','3.24194e-07','-7.58845e-09','-3.55613e-09','2.19979e-10','-4.45792e-08','3.82247e-05','-2.40497e-08','0','0','0','-1.8425e-09','-3.70014e-08','4.35528e-09','1.2003e-10','-3.81292e-10','-1.08035e-12','-6.3928e-10','-2.40497e-08','8.82369e-10','0','0','0','0','0','0','0','0','0','0','0','0','0','0','0','0','0','0','0','0','0','0','0','0','0','0','0','0','0','0','0','0','0','0','0','0','0','0','0']

reports.append(Report(579633152, ("DT", -2, 2, 3), "MBwhAst2sec03"))
reports[-1].posNum = 275
reports[-1].negNum = 0
reports[-1].fittype = "6DOF"
reports[-1].add_parameters(ValErr(0.00266429, 0.000317649, 0), \
                           ValErr(0.0245038, 0.0089108, 0), \
                           ValErr(-0.00537324, 0.00207011, 0), \
                           ValErr(-1.89889e-05, 4.01062e-05, 0), \
                           ValErr(0.000326602, 3.80484e-05, 0), \
                           ValErr(2.01227e-05, 4.99629e-06, 0), \
                           2935.31, 275, 275, -nan)
reports[-1].sigmax = ValErr(0.0035078, 0.000183177, 0)
reports[-1].sigmay = ValErr(0.143894, 0.00617344, 0)
reports[-1].sigmadxdz = ValErr(0.000649543, 3.55271e-05, 0)
reports[-1].sigmadydz = ValErr(0, 0, 0)
reports[-1].add_stats(0.0010171, 0.0138329, 0.000611878, -0.00189446, 0.00118904, 0.0192415, 0.000726561, -0.00247628, 0.00118904, 0.0192415, 0.000726561, -0.00247628, 0.00119441, 0.00974215, 0.000709884, -0.00101705, 0.00119441, 0.00974215, 0.000709884, -0.00101705, 0.00321318, 0.139974, 0.000529841, 0.0230319, 0.00321318, 0.139974, 0.000529841, 0.0230319)
reports[-1].CovMatrix = ['1.00901e-07','-2.51888e-08','2.9912e-08','3.20557e-10','7.83157e-09','-4.3514e-10','2.04651e-08','-1.25818e-07','-4.32046e-09','0','0','0','-2.51888e-08','7.94023e-05','-4.08914e-06','-4.05914e-09','2.49057e-08','7.40881e-10','6.9267e-08','-5.36628e-07','-1.48833e-08','0','0','0','2.9912e-08','-4.08914e-06','4.28534e-06','2.26703e-08','-2.70183e-08','-1.61087e-09','-7.26582e-08','5.9248e-07','1.61633e-08','0','0','0','3.20557e-10','-4.05914e-09','2.26703e-08','1.60851e-09','-2.33893e-10','-7.47922e-11','-4.32494e-10','1.3113e-08','1.40349e-10','0','0','0','7.83157e-09','2.49057e-08','-2.70183e-08','-2.33893e-10','1.44768e-09','1.02656e-12','3.96723e-09','-2.43131e-08','-8.39976e-10','0','0','0','-4.3514e-10','7.40881e-10','-1.61087e-09','-7.47922e-11','1.02656e-12','2.4963e-11','7.04483e-11','-1.43435e-10','-1.36486e-11','0','0','0','2.04651e-08','6.9267e-08','-7.26582e-08','-4.32494e-10','3.96723e-09','7.04483e-11','3.35536e-08','-6.42673e-08','-2.34772e-09','0','0','0','-1.25818e-07','-5.36628e-07','5.9248e-07','1.3113e-08','-2.43131e-08','-1.43435e-10','-6.42673e-08','3.81118e-05','1.39483e-08','0','0','0','-4.32046e-09','-1.48833e-08','1.61633e-08','1.40349e-10','-8.39976e-10','-1.36486e-11','-2.34772e-09','1.39483e-08','1.26219e-09','0','0','0','0','0','0','0','0','0','0','0','0','0','0','0','0','0','0','0','0','0','0','0','0','0','0','0','0','0','0','0','0','0','0','0','0','0','0','0']

reports.append(Report(579895296, ("DT", -2, 2, 4), "MBwhAst2sec04"))
reports[-1].posNum = 271
reports[-1].negNum = 0
reports[-1].fittype = "6DOF"
reports[-1].add_parameters(ValErr(0.000947093, 0.000173753, 0), \
                           ValErr(0.0542872, 0.00890989, 0), \
                           ValErr(-0.00227736, 0.00118441, 0), \
                           ValErr(3.84586e-05, 2.43622e-05, 0), \
                           ValErr(0.000128042, 1.77384e-05, 0), \
                           ValErr(7.60143e-06, 3.2271e-06, 0), \
                           3138.02, 271, 271, -nan)
reports[-1].sigmax = ValErr(0.00202764, 8.94003e-05, 0)
reports[-1].sigmay = ValErr(0.145366, 0.00624499, 0)
reports[-1].sigmadxdz = ValErr(0.000449745, 1.98498e-05, 0)
reports[-1].sigmadydz = ValErr(0, 0, 0)
reports[-1].add_stats(0.000268703, 0.0649547, 0.000226784, -0.00919339, 0.000270458, 0.0529103, 0.000254016, -0.00703757, 0.000270458, 0.0529103, 0.000254016, -0.00703757, 0.000276882, 0.0530297, 0.000244262, -0.00751032, 0.000276882, 0.0530297, 0.000244262, -0.00751032, 0.00206835, 0.14533, 0.000435275, 0.0247994, 0.00206835, 0.14533, 0.000435275, 0.0247994)
reports[-1].CovMatrix = ['3.01901e-08','-6.55266e-08','4.85703e-08','4.64716e-10','1.74972e-09','-1.08692e-10','-1.93488e-09','-3.41201e-09','-4.24632e-10','0','0','0','-6.55266e-08','7.93861e-05','-1.39415e-06','-4.72125e-09','2.90778e-09','6.99982e-10','-3.26846e-09','-1.28265e-07','-8.60104e-10','0','0','0','4.85703e-08','-1.39415e-06','1.40283e-06','5.73144e-09','-5.56696e-09','-6.76774e-10','6.12909e-09','4.07523e-08','1.51674e-09','0','0','0','4.64716e-10','-4.72125e-09','5.73144e-09','5.93518e-10','-3.23282e-11','-4.07076e-11','1.41054e-11','1.97423e-09','9.83861e-12','0','0','0','1.74972e-09','2.90778e-09','-5.56696e-09','-3.23282e-11','3.1465e-10','-3.18008e-13','-3.51636e-10','-1.02588e-09','-7.97995e-11','0','0','0','-1.08692e-10','6.99982e-10','-6.76774e-10','-4.07076e-11','-3.18008e-13','1.04142e-11','-8.21811e-12','-1.09512e-10','-2.14235e-12','0','0','0','-1.93488e-09','-3.26846e-09','6.12909e-09','1.41054e-11','-3.51636e-10','-8.21811e-12','7.99242e-09','1.05034e-09','9.19199e-11','0','0','0','-3.41201e-09','-1.28265e-07','4.07523e-08','1.97423e-09','-1.02588e-09','-1.09512e-10','1.05034e-09','3.90003e-05','2.60247e-10','0','0','0','-4.24632e-10','-8.60104e-10','1.51674e-09','9.83861e-12','-7.97995e-11','-2.14235e-12','9.19199e-11','2.60247e-10','3.94017e-10','0','0','0','0','0','0','0','0','0','0','0','0','0','0','0','0','0','0','0','0','0','0','0','0','0','0','0','0','0','0','0','0','0','0','0','0','0','0','0']

reports.append(Report(580157440, ("DT", -2, 2, 5), "MBwhAst2sec05"))
reports[-1].posNum = 238
reports[-1].negNum = 0
reports[-1].fittype = "6DOF"
reports[-1].add_parameters(ValErr(-0.00197036, 0.00027968, 0), \
                           ValErr(0.0429887, 0.00879203, 0), \
                           ValErr(-0.000776197, 0.00154529, 0), \
                           ValErr(-2.51651e-05, 3.60866e-05, 0), \
                           ValErr(-0.000248314, 3.58642e-05, 0), \
                           ValErr(-2.81771e-05, 4.78243e-06, 0), \
                           2719.82, 238, 238, -nan)
reports[-1].sigmax = ValErr(0.00228017, 0.000151485, 0)
reports[-1].sigmay = ValErr(0.134093, 0.00614642, 0)
reports[-1].sigmadxdz = ValErr(0.000504468, 3.37314e-05, 0)
reports[-1].sigmadydz = ValErr(0, 0, 0)
reports[-1].add_stats(-0.00103045, 0.054277, -0.00056627, -0.00674938, -0.000899192, 0.0424344, -0.000614441, -0.00449335, -0.000899192, 0.0424344, -0.000614441, -0.00449335, -0.000853261, 0.0360304, -0.00060292, -0.00434777, -0.000853261, 0.0360304, -0.00060292, -0.00434777, 0.00209866, 0.134396, 0.000378526, 0.0232646, 0.00209866, 0.134396, 0.000378526, 0.0232646)
reports[-1].CovMatrix = ['7.82208e-08','-2.75276e-08','2.78438e-08','4.70328e-10','7.46284e-09','-3.00135e-10','-2.13475e-08','1.12787e-08','4.80311e-09','0','0','0','-2.75276e-08','7.72998e-05','-1.84317e-06','-4.81825e-09','8.86598e-09','4.72333e-10','-2.77311e-08','-8.54731e-08','6.11162e-09','0','0','0','2.78438e-08','-1.84317e-06','2.38791e-06','2.90097e-08','-1.32097e-08','-1.72544e-09','4.21523e-08','1.59726e-08','-9.20708e-09','0','0','0','4.70328e-10','-4.81825e-09','2.90097e-08','1.30224e-09','-1.62399e-10','-6.72059e-11','5.62753e-10','1.11227e-09','-1.18722e-10','0','0','0','7.46284e-09','8.86598e-09','-1.32097e-08','-1.62399e-10','1.28624e-09','2.9058e-11','-3.90471e-09','1.56372e-09','8.747e-10','0','0','0','-3.00135e-10','4.72333e-10','-1.72544e-09','-6.72059e-11','2.9058e-11','2.28716e-11','-1.48592e-10','-5.77365e-11','3.27389e-11','0','0','0','-2.13475e-08','-2.77311e-08','4.21523e-08','5.62753e-10','-3.90471e-09','-1.48592e-10','2.29476e-08','-4.59095e-09','-2.69335e-09','0','0','0','1.12787e-08','-8.54731e-08','1.59726e-08','1.11227e-09','1.56372e-09','-5.77365e-11','-4.59095e-09','3.77788e-05','1.03638e-09','0','0','0','4.80311e-09','6.11162e-09','-9.20708e-09','-1.18722e-10','8.747e-10','3.27389e-11','-2.69335e-09','1.03638e-09','1.13782e-09','0','0','0','0','0','0','0','0','0','0','0','0','0','0','0','0','0','0','0','0','0','0','0','0','0','0','0','0','0','0','0','0','0','0','0','0','0','0','0']

reports.append(Report(580419584, ("DT", -2, 2, 6), "MBwhAst2sec06"))
reports[-1].posNum = 209
reports[-1].negNum = 0
reports[-1].fittype = "6DOF"
reports[-1].add_parameters(ValErr(-0.0018107, 0.000257336, 0), \
                           ValErr(0.0282358, 0.00991745, 0), \
                           ValErr(-0.00150808, 0.0017326, 0), \
                           ValErr(5.56135e-05, 4.18881e-05, 0), \
                           ValErr(-0.000205759, 3.68015e-05, 0), \
                           ValErr(-2.10858e-05, 4.57648e-06, 0), \
                           2332.51, 209, 209, -nan)
reports[-1].sigmax = ValErr(0.00227427, 0.000146924, 0)
reports[-1].sigmay = ValErr(0.141645, 0.00710354, 0)
reports[-1].sigmadxdz = ValErr(0.000625742, 4.10321e-05, 0)
reports[-1].sigmadydz = ValErr(0, 0, 0)
reports[-1].add_stats(-0.000963105, 0.0315007, -0.000591692, -0.00523434, -0.000939657, 0.02792, -0.000673405, -0.00386569, -0.000939657, 0.02792, -0.000673405, -0.00386569, -0.000934111, 0.02347, -0.000679965, -0.00307081, -0.000934111, 0.02347, -0.000679965, -0.00307081, 0.00210388, 0.140297, 0.000439948, 0.02361, 0.00210388, 0.140297, 0.000439948, 0.02361)
reports[-1].CovMatrix = ['6.62219e-08','3.09587e-08','1.64758e-08','1.95299e-11','6.80283e-09','-1.03007e-10','-1.5126e-08','1.02497e-07','4.7799e-09','0','0','0','3.09587e-08','9.83559e-05','-1.58131e-06','-2.92851e-08','1.88413e-08','2.58935e-09','-9.66939e-08','2.5257e-06','1.43922e-08','0','0','0','1.64758e-08','-1.58131e-06','3.00192e-06','3.28984e-08','-1.49038e-08','-2.65017e-09','2.35871e-08','7.40394e-07','-1.09373e-08','0','0','0','1.95299e-11','-2.92851e-08','3.28984e-08','1.75461e-09','-3.56943e-10','-6.33713e-11','1.35583e-09','-2.79014e-08','-3.0251e-10','0','0','0','6.80283e-09','1.88413e-08','-1.49038e-08','-3.56943e-10','1.35435e-09','5.23726e-11','-3.30245e-09','8.78161e-09','9.98829e-10','0','0','0','-1.03007e-10','2.58935e-09','-2.65017e-09','-6.33713e-11','5.23726e-11','2.09442e-11','-1.82925e-10','-9.89572e-10','5.36908e-11','0','0','0','-1.5126e-08','-9.66939e-08','2.35871e-08','1.35583e-09','-3.30245e-09','-1.82925e-10','2.15868e-08','-1.21896e-07','-2.54951e-09','0','0','0','1.02497e-07','2.5257e-06','7.40394e-07','-2.79014e-08','8.78161e-09','-9.89572e-10','-1.21896e-07','5.04609e-05','8.09846e-09','0','0','0','4.7799e-09','1.43922e-08','-1.09373e-08','-3.0251e-10','9.98829e-10','5.36908e-11','-2.54951e-09','8.09846e-09','1.68365e-09','0','0','0','0','0','0','0','0','0','0','0','0','0','0','0','0','0','0','0','0','0','0','0','0','0','0','0','0','0','0','0','0','0','0','0','0','0','0','0']

reports.append(Report(580681728, ("DT", -2, 2, 7), "MBwhAst2sec07"))
reports[-1].posNum = 276
reports[-1].negNum = 0
reports[-1].fittype = "6DOF"
reports[-1].add_parameters(ValErr(-0.00232442, 0.000205671, 0), \
                           ValErr(0.00994703, 0.00814053, 0), \
                           ValErr(-0.0074697, 0.00142234, 0), \
                           ValErr(-0.000116869, 3.32354e-05, 0), \
                           ValErr(-0.000137781, 1.99871e-05, 0), \
                           ValErr(1.27779e-05, 3.87361e-06, 0), \
                           3160.48, 276, 276, -nan)
reports[-1].sigmax = ValErr(0.00224485, 9.54301e-05, 0)
reports[-1].sigmay = ValErr(0.133876, 0.00551467, 0)
