nan = None;  NAN = None
nan = 0
reports = []
class ValErr:
    def __init__(self, value, error, antisym):
        self.value, self.error, self.antisym = value, error, antisym

    def __repr__(self):
        if self.antisym == 0.:
            return "%g +- %g" % (self.value, self.error)
        else:
            return "%g +- %g ~ %g" % (self.value, self.error, self.antisym)

class Report:
    def __init__(self, chamberId, postal_address, name):
        self.chamberId, self.postal_address, self.name = chamberId, postal_address, name
        self.status = "NOFIT"
        self.fittype = None
        self.CovMatrix = None

    def add_parameters(self, deltax, deltay, deltaz, deltaphix, deltaphiy, deltaphiz, loglikelihood, numsegments, sumofweights, redchi2):
        self.status = "PASS"
        self.deltax, self.deltay, self.deltaz, self.deltaphix, self.deltaphiy, self.deltaphiz = deltax, deltay, deltaz, deltaphix, deltaphiy, deltaphiz
        self.loglikelihood, self.numsegments, self.sumofweights, self.redchi2 = loglikelihood, numsegments, sumofweights, redchi2

    def add_stats(self, median_x, median_y, median_dxdz, median_dydz, mean30_x, mean30_y, mean20_dxdz, mean50_dydz, mean15_x, mean15_y, mean10_dxdz, mean25_dydz, wmean30_x, wmean30_y, wmean20_dxdz, wmean50_dydz, wmean15_x, wmean15_y, wmean10_dxdz, wmean25_dydz, stdev30_x, stdev30_y, stdev20_dxdz, stdev50_dydz, stdev15_x, stdev15_y, stdev10_dxdz, stdev25_dydz):
        self.median_x, self.median_y, self.median_dxdz, self.median_dydz, self.mean30_x, self.mean30_y, self.mean20_dxdz, self.mean50_dydz, self.mean15_x, self.mean15_y, self.mean10_dxdz, self.mean25_dydz, self.wmean30_x, self.wmean30_y, self.wmean20_dxdz, self.wmean50_dydz, self.wmean15_x, self.wmean15_y, self.wmean10_dxdz, self.wmean25_dydz, self.stdev30_x, self.stdev30_y, self.stdev20_dxdz, self.stdev50_dydz, self.stdev15_x, self.stdev15_y, self.stdev10_dxdz, self.stdev25_dydz = median_x, median_y, median_dxdz, median_dydz, mean30_x, mean30_y, mean20_dxdz, mean50_dydz, mean15_x, mean15_y, mean10_dxdz, mean25_dydz, wmean30_x, wmean30_y, wmean20_dxdz, wmean50_dydz, wmean15_x, wmean15_y, wmean10_dxdz, wmean25_dydz, stdev30_x, stdev30_y, stdev20_dxdz, stdev50_dydz, stdev15_x, stdev15_y, stdev10_dxdz, stdev25_dydz

    def __repr__(self):
        return "<Report %s %s %s>" % (self.postal_address[0], " ".join(map(str, self.postal_address[1:])), self.status)

reports.append(Report(574914560, ("DT", -2, 1, 1), "MBwhAst1sec01"))
reports[-1].posNum = 40
reports[-1].negNum = 0
reports[-1].fittype = "6DOF"
reports[-1].add_parameters(ValErr(0.00230091, 0.0035089, 0), \
                           ValErr(0.099353, 0.0287965, 0), \
                           ValErr(-0.0233589, 0.0207255, 0), \
                           ValErr(-3.94438e-05, 0.000288404, 0), \
                           ValErr(-1.07193e-05, 8.87726e-05, 0), \
                           ValErr(-4.38923e-05, 6.3328e-05, 0), \
                           394.1, 40, 40, -nan)
reports[-1].sigmax = ValErr(0.0135076, 0.00151513, 0)
reports[-1].sigmay = ValErr(0.118204, 0.0133367, 0)
reports[-1].sigmadxdz = ValErr(0.000466865, 5.33296e-05, 0)
reports[-1].sigmadydz = ValErr(0, 0, 0)
reports[-1].add_stats(0.00149918, 0.104541, -4.09549e-06, -0.016517, -0.00119968, 0.0730821, -4.805e-05, -0.0110552, -0.00119968, 0.0730821, -4.805e-05, -0.0110552, 0.000930491, 0.075003, 6.54065e-05, -0.0116625, 0.000930491, 0.075003, 6.54065e-05, -0.0116625, 0.0138819, 0.117761, 0.000467349, 0.0202005, 0.0138819, 0.117761, 0.000467349, 0.0202005)
reports[-1].CovMatrix = ['1.23123e-05','4.00912e-05','-4.09686e-05','-2.98333e-07','1.10377e-07','-1.29244e-07','-1.02743e-08','2.52511e-06','-9.57927e-09','0','0','0','4.00912e-05','0.000829236','-0.000421936','-3.84351e-07','-2.03215e-07','1.41554e-08','-3.91882e-07','6.76543e-06','-1.17439e-08','0','0','0','-4.09686e-05','-0.000421936','0.000429547','2.53041e-06','2.2648e-07','2.08293e-07','-4.54831e-07','-1.88576e-05','9.19266e-08','0','0','0','-2.98333e-07','-3.84351e-07','2.53041e-06','8.31771e-08','-4.82592e-10','9.61431e-09','-2.93663e-08','-5.11635e-07','3.09794e-09','0','0','0','1.10377e-07','-2.03215e-07','2.2648e-07','-4.82592e-10','7.88058e-09','-3.01472e-09','3.99623e-10','1.96936e-08','-8.426e-11','0','0','0','-1.29244e-07','1.41554e-08','2.08293e-07','9.61431e-09','-3.01472e-09','4.01043e-09','-8.01037e-10','-6.78788e-08','3.01922e-10','0','0','0','-1.02743e-08','-3.91882e-07','-4.54831e-07','-2.93663e-08','3.99623e-10','-8.01037e-10','2.29562e-06','1.72799e-07','-1.21718e-09','0','0','0','2.52511e-06','6.76543e-06','-1.88576e-05','-5.11635e-07','1.96936e-08','-6.78788e-08','1.72799e-07','0.000177876','-1.90852e-08','0','0','0','-9.57927e-09','-1.17439e-08','9.19266e-08','3.09794e-09','-8.426e-11','3.01922e-10','-1.21718e-09','-1.90852e-08','2.8441e-09','0','0','0','0','0','0','0','0','0','0','0','0','0','0','0','0','0','0','0','0','0','0','0','0','0','0','0','0','0','0','0','0','0','0','0','0','0','0','0']

reports.append(Report(575176704, ("DT", -2, 1, 2), "MBwhAst1sec02"))
reports[-1].posNum = 29
reports[-1].negNum = 0
reports[-1].fittype = "6DOF"
reports[-1].add_parameters(ValErr(0.00466499, 0.00735856, 0), \
                           ValErr(0.0553783, 0.0677228, 0), \
                           ValErr(-0.00407155, 0.0533521, 0), \
                           ValErr(-3.74776e-05, 0.000354461, 0), \
                           ValErr(-9.10777e-05, 0.000167953, 0), \
                           ValErr(-1.32911e-05, 0.000102456, 0), \
                           248.221, 29, 29, -nan)
reports[-1].sigmax = ValErr(0.028134, 0.00370909, 0)
reports[-1].sigmay = ValErr(0.123274, 0.0162366, 0)
reports[-1].sigmadxdz = ValErr(0.000783264, 0.000103303, 0)
reports[-1].sigmadydz = ValErr(0, 0, 0)
reports[-1].add_stats(0.00163603, 0.0650376, -3.9498e-05, -0.0113479, 0.00426342, 0.0508058, -7.6402e-05, -0.0082924, 0.00426342, 0.0508058, -7.6402e-05, -0.0082924, 0.0143277, 0.090605, 0.000169267, -0.0136612, 0.0143277, 0.090605, 0.000169267, -0.0136612, 0.0281908, 0.123687, 0.000783099, 0.0189344, 0.0281908, 0.123687, 0.000783099, 0.0189344)
reports[-1].CovMatrix = ['5.41484e-05','0.000180951','-0.000168641','1.20661e-08','4.36711e-07','-4.19447e-07','-1.14168e-06','4.12853e-06','6.72774e-09','0','0','0','0.000180951','0.00458637','-0.00331431','5.9894e-06','-8.81119e-07','4.58231e-07','-2.51626e-06','-1.3245e-05','1.64163e-07','0','0','0','-0.000168641','-0.00331431','0.00284644','-9.71233e-07','2.55997e-07','1.13066e-07','9.48481e-07','1.95829e-06','-4.18581e-08','0','0','0','1.20661e-08','5.9894e-06','-9.71233e-07','1.25643e-07','7.34984e-10','7.11129e-09','-5.65118e-08','-1.79936e-07','2.81504e-09','0','0','0','4.36711e-07','-8.81119e-07','2.55997e-07','7.34984e-10','2.82084e-08','-9.69053e-09','-2.08758e-08','1.83845e-07','-5.60096e-10','0','0','0','-4.19447e-07','4.58231e-07','1.13066e-07','7.11129e-09','-9.69053e-09','1.04973e-08','2.52623e-08','-1.06194e-07','-2.63098e-11','0','0','0','-1.14168e-06','-2.51626e-06','9.48481e-07','-5.65118e-08','-2.08758e-08','2.52623e-08','1.37576e-05','-1.55938e-07','-2.06624e-09','0','0','0','4.12853e-06','-1.3245e-05','1.95829e-06','-1.79936e-07','1.83845e-07','-1.06194e-07','-1.55938e-07','0.000263648','-5.97254e-09','0','0','0','6.72774e-09','1.64163e-07','-4.18581e-08','2.81504e-09','-5.60096e-10','-2.63098e-11','-2.06624e-09','-5.97254e-09','1.0672e-08','0','0','0','0','0','0','0','0','0','0','0','0','0','0','0','0','0','0','0','0','0','0','0','0','0','0','0','0','0','0','0','0','0','0','0','0','0','0','0']

reports.append(Report(575438848, ("DT", -2, 1, 3), "MBwhAst1sec03"))
reports[-1].posNum = 26
reports[-1].negNum = 0
reports[-1].fittype = "6DOF"
reports[-1].add_parameters(ValErr(-0.0110709, 0.00902995, 0), \
                           ValErr(0.0657308, 0.0684895, 0), \
                           ValErr(0.0492083, 0.0539535, 0), \
                           ValErr(-0.000231017, 0.000355657, 0), \
                           ValErr(-3.75259e-05, 0.000166983, 0), \
                           ValErr(0.00011351, 0.000115033, 0), \
                           230.08, 26, 26, -nan)
reports[-1].sigmax = ValErr(0.0276136, 0.00385308, 0)
reports[-1].sigmay = ValErr(0.10597, 0.0147084, 0)
reports[-1].sigmadxdz = ValErr(0.00069475, 9.6816e-05, 0)
reports[-1].sigmadydz = ValErr(0, 0, 0)
reports[-1].add_stats(0.00165093, 0.15654, 8.24477e-05, -0.0188973, -0.00219614, 0.130942, 9.54321e-05, -0.0183908, -0.00219614, 0.130942, 9.54321e-05, -0.0183908, 0.000302818, 0.115294, 0.000170511, -0.0152317, 0.000302818, 0.115294, 0.000170511, -0.0152317, 0.0291053, 0.105918, 0.000688488, 0.0170523, 0.0291053, 0.105918, 0.000688488, 0.0170523)
reports[-1].CovMatrix = ['8.154e-05','0.000431044','-0.000350721','2.85241e-07','3.78831e-07','-3.84509e-07','9.45802e-07','-1.09212e-06','-1.48966e-08','0','0','0','0.000431044','0.00469082','-0.00349068','5.56566e-06','3.35103e-07','-5.24365e-07','6.24631e-06','3.12216e-06','-1.64081e-07','0','0','0','-0.000350721','-0.00349068','0.00291098','-2.34752e-06','3.20439e-07','3.49893e-07','-3.02936e-06','-5.33533e-06','1.04511e-07','0','0','0','2.85241e-07','5.56566e-06','-2.34752e-06','1.26492e-07','7.11454e-09','9.91884e-09','1.08072e-07','-7.28648e-08','-2.13106e-09','0','0','0','3.78831e-07','3.35103e-07','3.20439e-07','7.11454e-09','2.78834e-08','-1.13345e-08','4.62222e-09','-9.34107e-08','5.25301e-10','0','0','0','-3.84509e-07','-5.24365e-07','3.49893e-07','9.91884e-09','-1.13345e-08','1.32327e-08','-1.64279e-08','4.89335e-08','9.79497e-11','0','0','0','9.45802e-07','6.24631e-06','-3.02936e-06','1.08072e-07','4.62222e-09','-1.64279e-08','1.48465e-05','-1.17206e-07','-3.75612e-09','0','0','0','-1.09212e-06','3.12216e-06','-5.33533e-06','-7.28648e-08','-9.34107e-08','4.89335e-08','-1.17206e-07','0.000216351','3.22411e-10','0','0','0','-1.48966e-08','-1.64081e-07','1.04511e-07','-2.13106e-09','5.25301e-10','9.79497e-11','-3.75612e-09','3.22411e-10','9.37376e-09','0','0','0','0','0','0','0','0','0','0','0','0','0','0','0','0','0','0','0','0','0','0','0','0','0','0','0','0','0','0','0','0','0','0','0','0','0','0','0']

reports.append(Report(575700992, ("DT", -2, 1, 4), "MBwhAst1sec04"))
reports[-1].posNum = 51
reports[-1].negNum = 0
reports[-1].fittype = "6DOF"
reports[-1].add_parameters(ValErr(-0.00123897, 0.00544398, 0), \
                           ValErr(0.0921239, 0.0445863, 0), \
                           ValErr(-0.0127736, 0.035263, 0), \
                           ValErr(5.59575e-05, 0.000245184, 0), \
                           ValErr(-0.000108906, 0.000114263, 0), \
                           ValErr(-6.11617e-05, 7.60996e-05, 0), \
                           453.137, 51, 51, -nan)
reports[-1].sigmax = ValErr(0.0280598, 0.00298647, 0)
reports[-1].sigmay = ValErr(0.108137, 0.0110856, 0)
reports[-1].sigmadxdz = ValErr(0.000646321, 6.59634e-05, 0)
reports[-1].sigmadydz = ValErr(0, 0, 0)
reports[-1].add_stats(-0.00310897, 0.0741777, -3.91596e-05, -0.0109464, -0.00336446, 0.0754098, -0.000153005, -0.0115871, -0.00336446, 0.0754098, -0.000153005, -0.0115871, -0.00360807, 0.0779552, -8.81318e-05, -0.011018, -0.00360807, 0.0779552, -8.81318e-05, -0.011018, 0.0285521, 0.10888, 0.000644069, 0.0173627, 0.0285521, 0.10888, 0.000644069, 0.0173627)
reports[-1].CovMatrix = ['2.9637e-05','0.000109131','-9.12912e-05','6.96716e-08','1.44909e-07','-1.59514e-07','-2.86981e-06','2.79961e-06','-1.78169e-08','0','0','0','0.000109131','0.00198793','-0.00146194','1.36364e-06','-2.41217e-07','1.31078e-07','-6.71193e-06','-1.26029e-05','2.13058e-08','0','0','0','-9.12912e-05','-0.00146194','0.00124348','8.60252e-08','1.32195e-07','-1.66003e-10','3.5828e-06','5.81578e-06','-1.03845e-08','0','0','0','6.96716e-08','1.36364e-06','8.60252e-08','6.01151e-08','7.12783e-10','3.02215e-09','-6.75431e-08','-1.00334e-08','6.22419e-10','0','0','0','1.44909e-07','-2.41217e-07','1.32195e-07','7.12783e-10','1.30561e-08','-5.44791e-09','-1.49402e-08','2.17604e-07','-6.52636e-12','0','0','0','-1.59514e-07','1.31078e-07','-1.66003e-10','3.02215e-09','-5.44791e-09','5.79114e-09','2.70111e-08','-1.27526e-07','-1.26342e-11','0','0','0','-2.86981e-06','-6.71193e-06','3.5828e-06','-6.75431e-08','-1.49402e-08','2.70111e-08','8.91907e-06','5.59791e-07','1.67437e-08','0','0','0','2.79961e-06','-1.26029e-05','5.81578e-06','-1.00334e-08','2.17604e-07','-1.27526e-07','5.59791e-07','0.000122895','-1.77344e-09','0','0','0','-1.78169e-08','2.13058e-08','-1.03845e-08','6.22419e-10','-6.52636e-12','-1.26342e-11','1.67437e-08','-1.77344e-09','4.35127e-09','0','0','0','0','0','0','0','0','0','0','0','0','0','0','0','0','0','0','0','0','0','0','0','0','0','0','0','0','0','0','0','0','0','0','0','0','0','0','0']

reports.append(Report(575963136, ("DT", -2, 1, 5), "MBwhAst1sec05"))
reports[-1].posNum = 31
reports[-1].negNum = 0
reports[-1].fittype = "6DOF"
reports[-1].add_parameters(ValErr(0.000442573, 0.00141566, 0), \
                           ValErr(0.125847, 0.0201162, 0), \
                           ValErr(-0.00298218, 0.0100001, 0), \
                           ValErr(0.000135102, 0.00018087, 0), \
                           ValErr(-2.13022e-05, 6.09422e-05, 0), \
                           ValErr(3.51575e-05, 2.51941e-05, 0), \
                           349.193, 31, 31, -nan)
reports[-1].sigmax = ValErr(0.00558988, 0.000711895, 0)
reports[-1].sigmay = ValErr(0.0940958, 0.0119691, 0)
reports[-1].sigmadxdz = ValErr(0.000345383, 4.41329e-05, 0)
reports[-1].sigmadydz = ValErr(0, 0, 0)
reports[-1].add_stats(0.00193739, 0.131874, -2.13061e-05, -0.019482, 0.000873297, 0.119078, -2.0301e-05, -0.0199128, 0.000873297, 0.119078, -2.0301e-05, -0.0199128, 0.00114605, 0.0939203, -8.7414e-05, -0.0165303, 0.00114605, 0.0939203, -8.7414e-05, -0.0165303, 0.00579822, 0.0945122, 0.000343579, 0.0142338, 0.00579822, 0.0945122, 0.000343579, 0.0142338)
reports[-1].CovMatrix = ['2.00409e-06','7.70192e-06','-7.64011e-06','-5.4843e-08','1.69381e-08','-1.66688e-08','7.1513e-09','3.87083e-08','-2.77856e-10','0','0','0','7.70192e-06','0.00040466','-0.000102749','-1.65517e-07','-1.43674e-07','-5.63132e-09','1.2187e-07','-1.48889e-06','-1.21278e-08','0','0','0','-7.64011e-06','-0.000102749','0.000100003','7.46795e-07','1.21353e-07','4.77995e-08','-8.49105e-08','2.57491e-06','1.55151e-08','0','0','0','-5.4843e-08','-1.65517e-07','7.46795e-07','3.27138e-08','9.91527e-10','2.11067e-09','4.65528e-10','9.35952e-08','3.43179e-10','0','0','0','1.69381e-08','-1.43674e-07','1.21353e-07','9.91527e-10','3.71395e-09','-3.86674e-10','-2.40216e-09','2.85253e-08','2.58613e-10','0','0','0','-1.66688e-08','-5.63132e-09','4.77995e-08','2.11067e-09','-3.86674e-10','6.34741e-10','-4.10395e-10','8.6612e-10','3.08226e-11','0','0','0','7.1513e-09','1.2187e-07','-8.49105e-08','4.65528e-10','-2.40216e-09','-4.10395e-10','5.06797e-07','-1.21197e-08','-2.22724e-10','0','0','0','3.87083e-08','-1.48889e-06','2.57491e-06','9.35952e-08','2.85253e-08','8.6612e-10','-1.21197e-08','0.000143267','2.53393e-09','0','0','0','-2.77856e-10','-1.21278e-08','1.55151e-08','3.43179e-10','2.58613e-10','3.08226e-11','-2.22724e-10','2.53393e-09','1.94775e-09','0','0','0','0','0','0','0','0','0','0','0','0','0','0','0','0','0','0','0','0','0','0','0','0','0','0','0','0','0','0','0','0','0','0','0','0','0','0','0']

reports.append(Report(576225280, ("DT", -2, 1, 6), "MBwhAst1sec06"))
reports[-1].posNum = 45
reports[-1].negNum = 0
reports[-1].fittype = "6DOF"
reports[-1].add_parameters(ValErr(-0.00526308, 0.00471187, 0), \
                           ValErr(0.04321, 0.0432801, 0), \
                           ValErr(0.0191606, 0.0328402, 0), \
                           ValErr(4.57304e-05, 0.000235156, 0), \
                           ValErr(-0.000208631, 0.000118281, 0), \
                           ValErr(1.03867e-05, 6.92296e-05, 0), \
                           403.474, 45, 45, -nan)
reports[-1].sigmax = ValErr(0.0231882, 0.00247308, 0)
reports[-1].sigmay = ValErr(0.104443, 0.0111736, 0)
reports[-1].sigmadxdz = ValErr(0.000746855, 7.97003e-05, 0)
reports[-1].sigmadydz = ValErr(0, 0, 0)
reports[-1].add_stats(0.00133657, 0.0787077, 4.33177e-05, -0.0082679, -0.00239947, 0.0674233, -0.000138552, -0.00958743, -0.00239947, 0.0674233, -0.000138552, -0.00958743, -0.00348454, 0.075166, -2.81379e-05, -0.0116997, -0.00348454, 0.075166, -2.81379e-05, -0.0116997, 0.0234219, 0.107954, 0.000741762, 0.0166276, 0.0234219, 0.107954, 0.000741762, 0.0166276)
reports[-1].CovMatrix = ['2.22017e-05','0.000126798','-0.000103286','1.87383e-07','-1.33691e-08','4.3074e-08','2.30172e-08','-5.24061e-07','3.84124e-09','0','0','0','0.000126798','0.00187317','-0.00132549','1.55294e-06','-9.83906e-07','6.88804e-07','1.55082e-06','-1.6603e-05','7.38214e-08','0','0','0','-0.000103286','-0.00132549','0.00107848','-1.50504e-06','8.20589e-07','-5.91511e-07','-1.2003e-06','1.45542e-05','-6.82896e-08','0','0','0','1.87383e-07','1.55294e-06','-1.50504e-06','5.52983e-08','-2.06503e-09','5.99092e-09','-2.09197e-08','-1.48876e-07','1.7822e-09','0','0','0','-1.33691e-08','-9.83906e-07','8.20589e-07','-2.06503e-09','1.39903e-08','-4.07466e-09','-1.80258e-08','2.09908e-07','-9.12426e-10','0','0','0','4.3074e-08','6.88804e-07','-5.91511e-07','5.99092e-09','-4.07466e-09','4.79273e-09','2.10565e-08','-1.00228e-07','4.8478e-11','0','0','0','2.30172e-08','1.55082e-06','-1.2003e-06','-2.09197e-08','-1.80258e-08','2.10565e-08','6.11619e-06','-3.83477e-07','-1.76017e-09','0','0','0','-5.24061e-07','-1.6603e-05','1.45542e-05','-1.48876e-07','2.09908e-07','-1.00228e-07','-3.83477e-07','0.000124855','-1.38331e-08','0','0','0','3.84124e-09','7.38214e-08','-6.82896e-08','1.7822e-09','-9.12426e-10','4.8478e-11','-1.76017e-09','-1.38331e-08','6.35231e-09','0','0','0','0','0','0','0','0','0','0','0','0','0','0','0','0','0','0','0','0','0','0','0','0','0','0','0','0','0','0','0','0','0','0','0','0','0','0','0']

reports.append(Report(576487424, ("DT", -2, 1, 7), "MBwhAst1sec07"))
reports[-1].posNum = 47
reports[-1].negNum = 0
reports[-1].fittype = "6DOF"
reports[-1].add_parameters(ValErr(0.00457974, 0.00396953, 0), \
                           ValErr(0.0266433, 0.0361644, 0), \
                           ValErr(0.0328341, 0.0267708, 0), \
                           ValErr(0.000250657, 0.000234653, 0), \
                           ValErr(0.000247733, 0.000102621, 0), \
                           ValErr(-5.74278e-05, 7.03151e-05, 0), \
                           441.34, 47, 47, -nan)
reports[-1].sigmax = ValErr(0.0207223, 0.00227484, 0)
reports[-1].sigmay = ValErr(0.11249, 0.012388, 0)
reports[-1].sigmadxdz = ValErr(0.000507724, 5.33706e-05, 0)
reports[-1].sigmadydz = ValErr(0, 0, 0)
reports[-1].add_stats(0.00306439, 0.0741376, 0.000170726, -0.0121553, 0.00481334, 0.0622507, 0.000214424, -0.0110919, 0.00481334, 0.0622507, 0.000214424, -0.0110919, 0.00937837, 0.0799561, 0.00028601, -0.0154514, 0.00937837, 0.0799561, 0.00028601, -0.0154514, 0.0220932, 0.107823, 0.000497258, 0.0169847, 0.0220932, 0.107823, 0.000497258, 0.0169847)
reports[-1].CovMatrix = ['1.57572e-05','6.81568e-05','-5.65333e-05','2.36206e-08','7.91276e-08','-5.91706e-08','-7.82433e-07','3.91294e-06','1.84354e-09','0','0','0','6.81568e-05','0.00130786','-0.000857855','7.35884e-07','-7.09078e-07','5.30436e-07','4.63702e-06','-2.87128e-05','1.85476e-08','0','0','0','-5.65333e-05','-0.000857855','0.000716674','5.79714e-08','5.79423e-07','-3.78371e-07','-3.75958e-06','2.03014e-05','-1.44096e-10','0','0','0','2.36206e-08','7.35884e-07','5.79714e-08','5.5062e-08','-1.31762e-09','5.4855e-09','1.16224e-08','-3.33524e-07','1.25462e-09','0','0','0','7.91276e-08','-7.09078e-07','5.79423e-07','-1.31762e-09','1.0531e-08','-4.97301e-09','-5.90099e-08','4.13537e-07','-4.15793e-10','0','0','0','-5.91706e-08','5.30436e-07','-3.78371e-07','5.4855e-09','-4.97301e-09','4.94422e-09','5.2628e-08','-2.69953e-07','-6.70692e-11','0','0','0','-7.82433e-07','4.63702e-06','-3.75958e-06','1.16224e-08','-5.90099e-08','5.2628e-08','5.17496e-06','-2.90406e-06','-1.74441e-09','0','0','0','3.91294e-06','-2.87128e-05','2.03014e-05','-3.33524e-07','4.13537e-07','-2.69953e-07','-2.90406e-06','0.000153469','-1.40064e-08','0','0','0','1.84354e-09','1.85476e-08','-1.44096e-10','1.25462e-09','-4.15793e-10','-6.70692e-11','-1.74441e-09','-1.40064e-08','2.84848e-09','0','0','0','0','0','0','0','0','0','0','0','0','0','0','0','0','0','0','0','0','0','0','0','0','0','0','0','0','0','0','0','0','0','0','0','0','0','0','0']

reports.append(Report(576749568, ("DT", -2, 1, 8), "MBwhAst1sec08"))
reports[-1].posNum = 25
reports[-1].negNum = 0
reports[-1].fittype = "6DOF"
reports[-1].add_parameters(ValErr(0.00693073, 0.00407684, 0), \
                           ValErr(0.103161, 0.0339228, 0), \
                           ValErr(0.0105404, 0.0239076, 0), \
                           ValErr(-0.000166555, 0.00027458, 0), \
                           ValErr(0.000148375, 0.000113877, 0), \
                           ValErr(1.00885e-05, 6.91493e-05, 0), \
                           250.799, 25, 25, -nan)
reports[-1].sigmax = ValErr(0.0151554, 0.00222654, 0)
reports[-1].sigmay = ValErr(0.0867899, 0.0125736, 0)
reports[-1].sigmadxdz = ValErr(0.000473602, 6.81032e-05, 0)
reports[-1].sigmadydz = ValErr(0, 0, 0)
reports[-1].add_stats(0.00323522, 0.113273, 0.000192583, -0.0219823, 0.00703968, 0.116919, 0.000227583, -0.0191895, 0.00703968, 0.116919, 0.000227583, -0.0191895, 0.00666121, 0.101521, 0.000147254, -0.0165516, 0.00666121, 0.101521, 0.000147254, -0.0165516, 0.0148127, 0.0860248, 0.000479221, 0.0141933, 0.0148127, 0.0860248, 0.000479221, 0.0141933)
reports[-1].CovMatrix = ['1.66206e-05','6.9506e-05','-5.69087e-05','-3.51873e-08','1.19081e-07','-1.02267e-07','-3.20605e-07','2.36262e-06','-2.49508e-09','0','0','0','6.9506e-05','0.00115076','-0.000693867','6.76878e-07','-1.09127e-08','-2.38881e-07','-1.10215e-06','-3.61506e-06','5.68425e-08','0','0','0','-5.69087e-05','-0.000693867','0.000571572','3.2599e-08','1.07988e-07','2.01897e-07','-2.46515e-07','6.92625e-06','-3.04063e-08','0','0','0','-3.51873e-08','6.76878e-07','3.2599e-08','7.53939e-08','6.15e-09','3.73842e-09','-1.3242e-07','3.26281e-07','2.40971e-09','0','0','0','1.19081e-07','-1.09127e-08','1.07988e-07','6.15e-09','1.29679e-08','-4.32692e-09','-3.2642e-08','2.88314e-07','-5.38474e-10','0','0','0','-1.02267e-07','-2.38881e-07','2.01897e-07','3.73842e-09','-4.32692e-09','4.78162e-09','1.76226e-08','-1.16761e-07','8.94977e-11','0','0','0','-3.20605e-07','-1.10215e-06','-2.46515e-07','-1.3242e-07','-3.2642e-08','1.76226e-08','4.95753e-06','-1.24957e-06','-4.63903e-09','0','0','0','2.36262e-06','-3.61506e-06','6.92625e-06','3.26281e-07','2.88314e-07','-1.16761e-07','-1.24957e-06','0.000158106','-1.23801e-09','0','0','0','-2.49508e-09','5.68425e-08','-3.04063e-08','2.40971e-09','-5.38474e-10','8.94977e-11','-4.63903e-09','-1.23801e-09','4.63819e-09','0','0','0','0','0','0','0','0','0','0','0','0','0','0','0','0','0','0','0','0','0','0','0','0','0','0','0','0','0','0','0','0','0','0','0','0','0','0','0']

reports.append(Report(577011712, ("DT", -2, 1, 9), "MBwhAst1sec09"))
reports[-1].posNum = 25
reports[-1].negNum = 0
reports[-1].fittype = "6DOF"
reports[-1].add_parameters(ValErr(0.000811899, 0.00329772, 0), \
                           ValErr(0.12626, 0.033531, 0), \
                           ValErr(0.0202089, 0.019346, 0), \
                           ValErr(0.000568127, 0.000339857, 0), \
                           ValErr(7.63208e-05, 9.52697e-05, 0), \
                           ValErr(6.72651e-05, 6.55441e-05, 0), \
                           256.036, 25, 25, -nan)
reports[-1].sigmax = ValErr(0.00940937, 0.00139415, 0)
reports[-1].sigmay = ValErr(0.126228, 0.0190163, 0)
reports[-1].sigmadxdz = ValErr(0.000425376, 6.0279e-05, 0)
reports[-1].sigmadydz = ValErr(0, 0, 0)
reports[-1].add_stats(0.00208664, 0.153608, 9.30078e-05, -0.023893, 0.00297152, 0.138965, 7.7363e-05, -0.0210157, 0.00297152, 0.138965, 7.7363e-05, -0.0210157, 0.00418603, 0.0810736, 3.79304e-05, -0.0129747, 0.00418603, 0.0810736, 3.79304e-05, -0.0129747, 0.00907153, 0.138922, 0.000425263, 0.0213616, 0.00907153, 0.138922, 0.000425263, 0.0213616)
reports[-1].CovMatrix = ['1.0875e-05','5.21223e-05','-4.541e-05','-2.3045e-07','4.54365e-08','-7.691e-08','-4.56002e-07','-6.76404e-06','-2.03799e-09','0','0','0','5.21223e-05','0.00112432','-0.000411329','3.24683e-07','-3.3324e-07','5.33231e-08','-3.03027e-07','-1.85472e-06','1.02288e-08','0','0','0','-4.541e-05','-0.000411329','0.000374268','1.30594e-06','4.78676e-07','1.00197e-07','1.89094e-06','2.64934e-05','4.69628e-09','0','0','0','-2.3045e-07','3.24683e-07','1.30594e-06','1.15503e-07','-8.9682e-10','1.62047e-08','1.3611e-07','2.14752e-06','1.15532e-09','0','0','0','4.54365e-08','-3.3324e-07','4.78676e-07','-8.9682e-10','9.07632e-09','-2.43351e-09','-9.12101e-09','-1.68596e-07','-1.4326e-10','0','0','0','-7.691e-08','5.33231e-08','1.00197e-07','1.62047e-08','-2.43351e-09','4.29603e-09','2.34593e-08','3.5861e-07','1.5709e-10','0','0','0','-4.56002e-07','-3.03027e-07','1.89094e-06','1.3611e-07','-9.12101e-09','2.34593e-08','1.94368e-06','2.7172e-06','1.41777e-09','0','0','0','-6.76404e-06','-1.85472e-06','2.64934e-05','2.14752e-06','-1.68596e-07','3.5861e-07','2.7172e-06','0.000361654','2.32207e-08','0','0','0','-2.03799e-09','1.02288e-08','4.69628e-09','1.15532e-09','-1.4326e-10','1.5709e-10','1.41777e-09','2.32207e-08','3.63366e-09','0','0','0','0','0','0','0','0','0','0','0','0','0','0','0','0','0','0','0','0','0','0','0','0','0','0','0','0','0','0','0','0','0','0','0','0','0','0','0']

reports.append(Report(577273856, ("DT", -2, 1, 10), "MBwhAst1sec10"))
reports[-1].posNum = 20
reports[-1].negNum = 0
reports[-1].fittype = "6DOF"
reports[-1].add_parameters(ValErr(-0.00190041, 0.00181366, 0), \
                           ValErr(0.105238, 0.0348227, 0), \
                           ValErr(0.00588435, 0.0115713, 0), \
                           ValErr(0.000182839, 0.000185559, 0), \
                           ValErr(7.39511e-05, 8.17122e-05, 0), \
                           ValErr(4.83278e-05, 3.01967e-05, 0), \
                           217.209, 20, 20, -nan)
reports[-1].sigmax = ValErr(0.00492515, 0.000780095, 0)
reports[-1].sigmay = ValErr(0.14654, 0.0231997, 0)
reports[-1].sigmadxdz = ValErr(0.000376948, 5.96354e-05, 0)
reports[-1].sigmadydz = ValErr(0, 0, 0)
reports[-1].add_stats(-0.000406256, 0.179889, 0.000137832, -0.0144841, -0.000642067, 0.106796, 0.00012295, -0.0175059, -0.000642067, 0.106796, 0.00012295, -0.0175059, 0.000287942, 0.00221167, 0.000162971, -0.000399987, 0.000287942, 0.00221167, 0.000162971, -0.000399987, 0.0051318, 0.147706, 0.000377957, 0.0241083, 0.0051318, 0.147706, 0.000377957, 0.0241083)
reports[-1].CovMatrix = ['3.28936e-06','1.1064e-05','-1.2414e-05','-1.12428e-07','2.88118e-08','-3.47945e-08','-4.17739e-08','-1.06553e-06','4.16085e-10','0','0','0','1.1064e-05','0.00121262','-0.000124853','-2.82281e-07','-2.24154e-07','-5.37034e-08','-1.73093e-07','-3.27067e-06','6.90086e-09','0','0','0','-1.2414e-05','-0.000124853','0.000133894','1.10958e-06','2.46021e-07','1.21519e-07','3.34018e-07','6.88249e-06','-5.81178e-09','0','0','0','-1.12428e-07','-2.82281e-07','1.10958e-06','3.44323e-08','2.91381e-09','2.8651e-09','7.41094e-09','1.99846e-07','-8.89818e-12','0','0','0','2.88118e-08','-2.24154e-07','2.46021e-07','2.91381e-09','6.67688e-09','-4.2792e-10','1.249e-09','-1.97848e-08','-1.30993e-10','0','0','0','-3.47945e-08','-5.37034e-08','1.21519e-07','2.8651e-09','-4.2792e-10','9.1184e-10','1.08838e-09','2.31498e-08','-1.99037e-11','0','0','0','-4.17739e-08','-1.73093e-07','3.34018e-07','7.41094e-09','1.249e-09','1.08838e-09','6.0855e-07','4.23525e-08','-4.36171e-11','0','0','0','-1.06553e-06','-3.27067e-06','6.88249e-06','1.99846e-07','-1.97848e-08','2.31498e-08','4.23525e-08','0.000538291','5.45417e-10','0','0','0','4.16085e-10','6.90086e-09','-5.81178e-09','-8.89818e-12','-1.30993e-10','-1.99037e-11','-4.36171e-11','5.45417e-10','3.5565e-09','0','0','0','0','0','0','0','0','0','0','0','0','0','0','0','0','0','0','0','0','0','0','0','0','0','0','0','0','0','0','0','0','0','0','0','0','0','0','0']

reports.append(Report(577536000, ("DT", -2, 1, 11), "MBwhAst1sec11"))
reports[-1].posNum = 21
reports[-1].negNum = 0
reports[-1].fittype = "6DOF"
reports[-1].add_parameters(ValErr(0.0141312, 0.00687822, 0), \
                           ValErr(0.200094, 0.0580512, 0), \
                           ValErr(-0.103557, 0.0452163, 0), \
                           ValErr(0.000838864, 0.000350969, 0), \
                           ValErr(3.60359e-05, 0.000151382, 0), \
                           ValErr(1.50008e-05, 0.000104074, 0), \
                           198.416, 21, 21, -nan)
reports[-1].sigmax = ValErr(0.0216477, 0.00315954, 0)
reports[-1].sigmay = ValErr(0.0928407, 0.0143677, 0)
reports[-1].sigmadxdz = ValErr(0.000555635, 8.60152e-05, 0)
reports[-1].sigmadydz = ValErr(0, 0, 0)
reports[-1].add_stats(0.0024077, 0.0546265, -5.06278e-05, -0.0137424, 0.00117302, 0.0566942, -6.36881e-05, -0.0101548, 0.00117302, 0.0566942, -6.36881e-05, -0.0101548, -0.00583441, 0.0655385, -0.000209319, -0.0108975, -0.00583441, 0.0655385, -0.000209319, -0.0108975, 0.0253456, 0.0964699, 0.000569851, 0.0142715, 0.0253456, 0.0964699, 0.000569851, 0.0142715)
reports[-1].CovMatrix = ['4.73098e-05','0.000225452','-0.000186633','1.88416e-07','2.02515e-07','-1.68706e-07','-1.21408e-06','-1.16547e-06','2.64038e-08','0','0','0','0.000225452','0.00336994','-0.00243663','4.69162e-06','-1.50676e-06','1.39694e-06','-2.68749e-05','2.3846e-05','1.36166e-07','0','0','0','-0.000186633','-0.00243663','0.00204452','-1.67273e-06','1.30227e-06','-9.91563e-07','1.90124e-05','-9.83834e-06','-1.2142e-07','0','0','0','1.88416e-07','4.69162e-06','-1.67273e-06','1.23179e-07','-2.45772e-09','1.26273e-08','-8.98415e-08','5.05914e-07','-1.54042e-09','0','0','0','2.02515e-07','-1.50676e-06','1.30227e-06','-2.45772e-09','2.29165e-08','-9.93561e-09','2.91349e-08','-1.60659e-07','8.89406e-10','0','0','0','-1.68706e-07','1.39694e-06','-9.91563e-07','1.26273e-08','-9.93561e-09','1.08313e-08','-3.6452e-08','1.26172e-07','-3.45354e-10','0','0','0','-1.21408e-06','-2.68749e-05','1.90124e-05','-8.98415e-08','2.91349e-08','-3.6452e-08','9.98283e-06','1.89008e-07','1.56229e-08','0','0','0','-1.16547e-06','2.3846e-05','-9.83834e-06','5.05914e-07','-1.60659e-07','1.26172e-07','1.89008e-07','0.000206447','-2.97536e-08','0','0','0','2.64038e-08','1.36166e-07','-1.2142e-07','-1.54042e-09','8.89406e-10','-3.45354e-10','1.56229e-08','-2.97536e-08','7.39895e-09','0','0','0','0','0','0','0','0','0','0','0','0','0','0','0','0','0','0','0','0','0','0','0','0','0','0','0','0','0','0','0','0','0','0','0','0','0','0','0']

reports.append(Report(577798144, ("DT", -2, 1, 12), "MBwhAst1sec12"))
reports[-1].posNum = 40
reports[-1].negNum = 0
reports[-1].fittype = "6DOF"
reports[-1].add_parameters(ValErr(-0.00647696, 0.00411107, 0), \
                           ValErr(0.104637, 0.0360681, 0), \
                           ValErr(-0.0137975, 0.0255405, 0), \
                           ValErr(0.000199849, 0.000260429, 0), \
                           ValErr(-0.000274499, 0.00010216, 0), \
                           ValErr(0.000123777, 6.41832e-05, 0), \
                           375.719, 40, 40, -nan)
reports[-1].sigmax = ValErr(0.0195925, 0.00219414, 0)
reports[-1].sigmay = ValErr(0.119478, 0.0134363, 0)
reports[-1].sigmadxdz = ValErr(0.000504225, 5.66907e-05, 0)
reports[-1].sigmadydz = ValErr(0, 0, 0)
reports[-1].add_stats(-0.0027523, 0.0874817, -1.54e-05, -0.0133806, -0.0040794, 0.0841794, -0.000168498, -0.0128996, -0.0040794, 0.0841794, -0.000168498, -0.0128996, -0.00527563, 0.0863067, -6.43321e-05, -0.0138169, -0.00527563, 0.0863067, -6.43321e-05, -0.0138169, 0.0207465, 0.121432, 0.000498829, 0.0189054, 0.0207465, 0.121432, 0.000498829, 0.0189054)
reports[-1].CovMatrix = ['1.69009e-05','7.02684e-05','-5.99289e-05','-8.28583e-08','1.25444e-07','-1.16284e-07','1.95302e-07','-4.23109e-07','-2.96858e-09','0','0','0','7.02684e-05','0.00130091','-0.000780638','5.42348e-07','2.47064e-07','-4.36006e-07','5.03358e-07','-2.00447e-06','-2.37346e-09','0','0','0','-5.99289e-05','-0.000780638','0.000652318','2.18508e-07','-1.91307e-07','4.06711e-07','-4.59932e-07','-1.05118e-06','1.61166e-08','0','0','0','-8.28583e-08','5.42348e-07','2.18508e-07','6.78234e-08','5.68541e-09','1.91493e-09','3.5496e-10','-3.35784e-07','1.44186e-09','0','0','0','1.25444e-07','2.47064e-07','-1.91307e-07','5.68541e-09','1.04367e-08','-4.00331e-09','6.58537e-09','-9.04647e-08','2.21519e-10','0','0','0','-1.16284e-07','-4.36006e-07','4.06711e-07','1.91493e-09','-4.00331e-09','4.11948e-09','-7.7767e-09','2.41686e-08','9.9595e-11','0','0','0','1.95302e-07','5.03358e-07','-4.59932e-07','3.5496e-10','6.58537e-09','-7.7767e-09','4.8143e-06','-6.06207e-08','-1.4536e-10','0','0','0','-4.23109e-07','-2.00447e-06','-1.05118e-06','-3.35784e-07','-9.04647e-08','2.41686e-08','-6.06207e-08','0.000180545','-7.43825e-09','0','0','0','-2.96858e-09','-2.37346e-09','1.61166e-08','1.44186e-09','2.21519e-10','9.9595e-11','-1.4536e-10','-7.43825e-09','3.21391e-09','0','0','0','0','0','0','0','0','0','0','0','0','0','0','0','0','0','0','0','0','0','0','0','0','0','0','0','0','0','0','0','0','0','0','0','0','0','0','0']

reports.append(Report(579108864, ("DT", -2, 2, 1), "MBwhAst2sec01"))
reports[-1].posNum = 54
reports[-1].negNum = 0
reports[-1].fittype = "6DOF"
reports[-1].add_parameters(ValErr(-0.00528817, 0.00284342, 0), \
                           ValErr(-0.00853605, 0.0248694, 0), \
                           ValErr(-0.00319143, 0.0202102, 0), \
                           ValErr(0.000189092, 0.000188253, 0), \
                           ValErr(-9.04231e-05, 6.19863e-05, 0), \
                           ValErr(4.9149e-05, 4.81638e-05, 0), \
                           544.111, 54, 54, -nan)
reports[-1].sigmax = ValErr(0.0183993, 0.00180511, 0)
reports[-1].sigmay = ValErr(0.102129, 0.0101104, 0)
reports[-1].sigmadxdz = ValErr(0.000317305, 3.06443e-05, 0)
reports[-1].sigmadydz = ValErr(0, 0, 0)
reports[-1].add_stats(-0.000351905, 0.00344576, 1.05317e-05, -0.00134516, -0.00335357, -0.013417, -1.9239e-05, 0.00108498, -0.00335357, -0.013417, -1.9239e-05, 0.00108498, -0.00207963, -0.0222856, 2.64948e-05, 0.00351259, -0.00207963, -0.0222856, 2.64948e-05, 0.00351259, 0.0181453, 0.106784, 0.000315984, 0.0193525, 0.0181453, 0.106784, 0.000315984, 0.0193525)
reports[-1].CovMatrix = ['8.08504e-06','-7.69563e-06','7.86082e-06','-4.56578e-08','6.60495e-08','-5.54058e-08','-3.81898e-07','2.60318e-06','1.39884e-09','0','0','0','-7.69563e-06','0.000618486','-0.000413191','5.48083e-07','1.96627e-07','-1.80055e-07','-1.6162e-06','9.07449e-06','-3.5989e-11','0','0','0','7.86082e-06','-0.000413191','0.000408452','-5.47202e-08','-1.62429e-07','1.44432e-07','1.73376e-06','-1.02022e-05','-2.21512e-09','0','0','0','-4.56578e-08','5.48083e-07','-5.47202e-08','3.54391e-08','-6.11882e-10','-2.78452e-10','2.4367e-08','-2.05712e-07','-2.28784e-10','0','0','0','6.60495e-08','1.96627e-07','-1.62429e-07','-6.11882e-10','3.8423e-09','-2.19545e-09','-1.59375e-08','1.26524e-07','1.16488e-10','0','0','0','-5.54058e-08','-1.80055e-07','1.44432e-07','-2.78452e-10','-2.19545e-09','2.31975e-09','1.53012e-08','-9.01039e-08','-1.59894e-11','0','0','0','-3.81898e-07','-1.6162e-06','1.73376e-06','2.4367e-08','-1.59375e-08','1.53012e-08','3.25842e-06','-7.79755e-07','-3.20571e-10','0','0','0','2.60318e-06','9.07449e-06','-1.02022e-05','-2.05712e-07','1.26524e-07','-9.01039e-08','-7.79755e-07','0.000102223','4.00194e-09','0','0','0','1.39884e-09','-3.5989e-11','-2.21512e-09','-2.28784e-10','1.16488e-10','-1.59894e-11','-3.20571e-10','4.00194e-09','9.39081e-10','0','0','0','0','0','0','0','0','0','0','0','0','0','0','0','0','0','0','0','0','0','0','0','0','0','0','0','0','0','0','0','0','0','0','0','0','0','0','0']

reports.append(Report(579371008, ("DT", -2, 2, 2), "MBwhAst2sec02"))
reports[-1].posNum = 46
reports[-1].negNum = 0
reports[-1].fittype = "6DOF"
reports[-1].add_parameters(ValErr(-0.000253225, 0.00058047, 0), \
                           ValErr(-0.0167714, 0.0121428, 0), \
                           ValErr(0.00282336, 0.00429261, 0), \
                           ValErr(-0.000153117, 9.58478e-05, 0), \
                           ValErr(-2.74653e-05, 4.91487e-05, 0), \
                           ValErr(-2.87869e-06, 1.13794e-05, 0), \
                           541.209, 46, 46, -nan)
reports[-1].sigmax = ValErr(0.00328249, 0.000352467, 0)
reports[-1].sigmay = ValErr(0.0764108, 0.00801328, 0)
reports[-1].sigmadxdz = ValErr(0.00043886, 4.62533e-05, 0)
reports[-1].sigmadydz = ValErr(0, 0, 0)
reports[-1].add_stats(0.00039864, 0.00752777, -0.000124685, -3.5214e-05, -0.00019661, -0.0133204, -9.25068e-05, 0.00267555, -0.00019661, -0.0133204, -9.25068e-05, 0.00267555, 0.000411605, 0.00161468, -5.12666e-05, 0.00140504, 0.000411605, 0.00161468, -5.12666e-05, 0.00140504, 0.0033096, 0.0774061, 0.000437893, 0.0148154, 0.0033096, 0.0774061, 0.000437893, 0.0148154)
reports[-1].CovMatrix = ['3.36945e-07','-6.18826e-09','1.16012e-07','2.77213e-09','1.42894e-08','-1.29991e-09','-2.34962e-08','-2.49478e-07','1.7919e-09','0','0','0','-6.18826e-09','0.000147448','-1.93541e-05','5.45541e-09','8.19948e-08','-3.6124e-09','-1.32711e-07','-1.37636e-06','1.05999e-08','0','0','0','1.16012e-07','-1.93541e-05','1.84265e-05','2.03322e-08','-6.22837e-08','1.39693e-09','9.5009e-08','8.3216e-07','-7.76752e-09','0','0','0','2.77213e-09','5.45541e-09','2.03322e-08','9.18681e-09','2.92332e-10','-2.7482e-10','-2.56121e-09','-3.03169e-08','1.76796e-10','0','0','0','1.42894e-08','8.19948e-08','-6.22837e-08','2.92332e-10','2.4156e-09','-9.41002e-11','-4.00401e-09','-3.93076e-08','3.16431e-10','0','0','0','-1.29991e-09','-3.6124e-09','1.39693e-09','-2.7482e-10','-9.41002e-11','1.2949e-10','1.81742e-10','4.11975e-09','-4.44715e-13','0','0','0','-2.34962e-08','-1.32711e-07','9.5009e-08','-2.56121e-09','-4.00401e-09','1.81742e-10','1.24233e-07','7.04339e-08','-5.60498e-10','0','0','0','-2.49478e-07','-1.37636e-06','8.3216e-07','-3.03169e-08','-3.93076e-08','4.11975e-09','7.04339e-08','6.42145e-05','-5.28727e-09','0','0','0','1.7919e-09','1.05999e-08','-7.76752e-09','1.76796e-10','3.16431e-10','-4.44715e-13','-5.60498e-10','-5.28727e-09','2.13941e-09','0','0','0','0','0','0','0','0','0','0','0','0','0','0','0','0','0','0','0','0','0','0','0','0','0','0','0','0','0','0','0','0','0','0','0','0','0','0','0']

reports.append(Report(579633152, ("DT", -2, 2, 3), "MBwhAst2sec03"))
reports[-1].posNum = 36
reports[-1].negNum = 0
reports[-1].fittype = "6DOF"
reports[-1].add_parameters(ValErr(6.03112e-05, 0.000327191, 0), \
                           ValErr(-0.0377756, 0.00871964, 0), \
                           ValErr(-0.00413694, 0.00221002, 0), \
                           ValErr(5.00836e-05, 4.70176e-05, 0), \
                           ValErr(2.21006e-06, 3.63068e-05, 0), \
                           ValErr(3.92599e-06, 5.59154e-06, 0), \
                           460.281, 36, 36, -nan)
reports[-1].sigmax = ValErr(0.00142944, 0.000169461, 0)
reports[-1].sigmay = ValErr(0.0905553, 0.0105683, 0)
reports[-1].sigmadxdz = ValErr(0.000306553, 3.65257e-05, 0)
reports[-1].sigmadydz = ValErr(0, 0, 0)
reports[-1].add_stats(0.000248431, -0.0343416, 0.000107965, 0.00604014, 0.000198632, -0.0422661, 6.14876e-05, 0.00719679, 0.000198632, -0.0422661, 6.14876e-05, 0.00719679, -4.81406e-05, -0.0256983, 8.39328e-05, 0.00456152, -4.81406e-05, -0.0256983, 8.39328e-05, 0.00456152, 0.00151687, 0.0908283, 0.000302001, 0.0151906, 0.00151687, 0.0908283, 0.000302001, 0.0151906)
