nan = None;  NAN = None
nan = 0
reports = []
class ValErr:
    def __init__(self, value, error, antisym):
        self.value, self.error, self.antisym = value, error, antisym

    def __repr__(self):
        if self.antisym == 0.:
            return "%g +- %g" % (self.value, self.error)
        else:
            return "%g +- %g ~ %g" % (self.value, self.error, self.antisym)

class Report:
    def __init__(self, chamberId, postal_address, name):
        self.chamberId, self.postal_address, self.name = chamberId, postal_address, name
        self.status = "NOFIT"
        self.fittype = None
        self.CovMatrix = None

    def add_parameters(self, deltax, deltay, deltaz, deltaphix, deltaphiy, deltaphiz, loglikelihood, numsegments, sumofweights, redchi2):
        self.status = "PASS"
        self.deltax, self.deltay, self.deltaz, self.deltaphix, self.deltaphiy, self.deltaphiz = deltax, deltay, deltaz, deltaphix, deltaphiy, deltaphiz
        self.loglikelihood, self.numsegments, self.sumofweights, self.redchi2 = loglikelihood, numsegments, sumofweights, redchi2

    def add_stats(self, median_x, median_y, median_dxdz, median_dydz, mean30_x, mean30_y, mean20_dxdz, mean50_dydz, mean15_x, mean15_y, mean10_dxdz, mean25_dydz, wmean30_x, wmean30_y, wmean20_dxdz, wmean50_dydz, wmean15_x, wmean15_y, wmean10_dxdz, wmean25_dydz, stdev30_x, stdev30_y, stdev20_dxdz, stdev50_dydz, stdev15_x, stdev15_y, stdev10_dxdz, stdev25_dydz):
        self.median_x, self.median_y, self.median_dxdz, self.median_dydz, self.mean30_x, self.mean30_y, self.mean20_dxdz, self.mean50_dydz, self.mean15_x, self.mean15_y, self.mean10_dxdz, self.mean25_dydz, self.wmean30_x, self.wmean30_y, self.wmean20_dxdz, self.wmean50_dydz, self.wmean15_x, self.wmean15_y, self.wmean10_dxdz, self.wmean25_dydz, self.stdev30_x, self.stdev30_y, self.stdev20_dxdz, self.stdev50_dydz, self.stdev15_x, self.stdev15_y, self.stdev10_dxdz, self.stdev25_dydz = median_x, median_y, median_dxdz, median_dydz, mean30_x, mean30_y, mean20_dxdz, mean50_dydz, mean15_x, mean15_y, mean10_dxdz, mean25_dydz, wmean30_x, wmean30_y, wmean20_dxdz, wmean50_dydz, wmean15_x, wmean15_y, wmean10_dxdz, wmean25_dydz, stdev30_x, stdev30_y, stdev20_dxdz, stdev50_dydz, stdev15_x, stdev15_y, stdev10_dxdz, stdev25_dydz

    def __repr__(self):
        return "<Report %s %s %s>" % (self.postal_address[0], " ".join(map(str, self.postal_address[1:])), self.status)

reports.append(Report(574914560, ("DT", -2, 1, 1), "MBwhAst1sec01"))
reports[-1].posNum = 86
reports[-1].negNum = 0
reports[-1].fittype = "6DOF"
reports[-1].add_parameters(ValErr(-0.0389719, 0.00747655, 0), \
                           ValErr(0.0512099, 0.0615141, 0), \
                           ValErr(-0.0141795, 0.0492332, 0), \
                           ValErr(0.000298595, 0.000310815, 0), \
                           ValErr(-0.000798166, 0.000152329, 0), \
                           ValErr(-3.66618e-05, 0.000105761, 0), \
                           633.583, 86, 86, -nan)
reports[-1].sigmax = ValErr(0.0482321, 0.00385514, 0)
reports[-1].sigmay = ValErr(0.160319, 0.0127907, 0)
reports[-1].sigmadxdz = ValErr(0.0011573, 8.95323e-05, 0)
reports[-1].sigmadydz = ValErr(0, 0, 0)
reports[-1].add_stats(-0.00760961, 0.0473555, -0.000552903, -0.000885302, -0.0381891, 0.026215, -0.00100394, -0.00236832, -0.0381891, 0.026215, -0.00100394, -0.00236832, -0.0357594, 0.0487379, -0.000893105, -0.00632678, -0.0357594, 0.0487379, -0.000893105, -0.00632678, 0.0485744, 0.155109, 0.0011413, 0.0246947, 0.0485744, 0.155109, 0.0011413, 0.0246947)
reports[-1].CovMatrix = ['5.58988e-05','0.00025656','-0.000215079','1.7141e-07','3.19503e-07','-3.16946e-07','3.18848e-06','-8.53852e-06','-1.38119e-08','0','0','0','0.00025656','0.00378398','-0.00288064','3.81176e-06','-4.19426e-07','1.65426e-07','-5.39876e-06','1.45712e-05','3.31215e-08','0','0','0','-0.000215079','-0.00288064','0.00242391','-1.1606e-06','4.51894e-07','-1.80948e-08','4.79643e-06','-2.01059e-05','2.59825e-08','0','0','0','1.7141e-07','3.81176e-06','-1.1606e-06','9.66062e-08','5.86337e-09','4.72566e-09','2.06417e-08','-4.05916e-07','2.51043e-09','0','0','0','3.19503e-07','-4.19426e-07','4.51894e-07','5.86337e-09','2.3204e-08','-9.80455e-09','1.24256e-07','-5.30362e-07','8.65829e-10','0','0','0','-3.16946e-07','1.65426e-07','-1.80948e-08','4.72566e-09','-9.80455e-09','1.11853e-08','-1.18802e-07','2.89034e-07','7.68368e-10','0','0','0','3.18848e-06','-5.39876e-06','4.79643e-06','2.06417e-08','1.24256e-07','-1.18802e-07','1.48623e-05','-3.7065e-06','-5.30551e-09','0','0','0','-8.53852e-06','1.45712e-05','-2.01059e-05','-4.05916e-07','-5.30362e-07','2.89034e-07','-3.7065e-06','0.000163607','-1.3694e-08','0','0','0','-1.38119e-08','3.31215e-08','2.59825e-08','2.51043e-09','8.65829e-10','7.68368e-10','-5.30551e-09','-1.3694e-08','8.01622e-09','0','0','0','0','0','0','0','0','0','0','0','0','0','0','0','0','0','0','0','0','0','0','0','0','0','0','0','0','0','0','0','0','0','0','0','0','0','0','0']

reports.append(Report(575176704, ("DT", -2, 1, 2), "MBwhAst1sec02"))
reports[-1].posNum = 39
reports[-1].negNum = 0
reports[-1].fittype = "6DOF"
reports[-1].add_parameters(ValErr(-0.0168535, 0.00613945, 0), \
                           ValErr(-0.00228448, 0.0610897, 0), \
                           ValErr(0.0345184, 0.0475902, 0), \
                           ValErr(-5.96747e-05, 0.000320356, 0), \
                           ValErr(0.000175483, 0.000171288, 0), \
                           ValErr(0.000103581, 9.43824e-05, 0), \
                           320.273, 39, 39, -nan)
reports[-1].sigmax = ValErr(0.0299211, 0.00345368, 0)
reports[-1].sigmay = ValErr(0.125625, 0.0146481, 0)
reports[-1].sigmadxdz = ValErr(0.00102276, 0.00011721, 0)
reports[-1].sigmadydz = ValErr(0, 0, 0)
reports[-1].add_stats(-0.00334283, 0.0411632, 0.000538127, -0.00386632, -0.012481, 0.0415362, 0.000420039, -0.00612156, -0.012481, 0.0415362, 0.000420039, -0.00612156, -0.012683, 0.0380735, 0.000397998, -0.00622961, -0.012683, 0.0380735, 0.000397998, -0.00622961, 0.0297455, 0.124827, 0.00101559, 0.0192242, 0.0297455, 0.124827, 0.00101559, 0.0192242)
reports[-1].CovMatrix = ['3.76928e-05','0.000129938','-0.000118997','6.85426e-09','2.73839e-07','-2.5782e-07','-1.83838e-06','8.04856e-06','-1.98073e-09','0','0','0','0.000129938','0.00373195','-0.00269985','4.49882e-06','-1.47505e-06','6.94611e-07','-2.05956e-06','-1.07375e-05','1.67243e-07','0','0','0','-0.000118997','-0.00269985','0.00226482','-1.22156e-06','5.66731e-07','-1.67538e-07','5.98296e-06','-1.71785e-05','-6.74073e-08','0','0','0','6.85426e-09','4.49882e-06','-1.22156e-06','1.02628e-07','-4.02362e-09','7.27617e-09','1.19561e-07','-6.52673e-07','1.33318e-09','0','0','0','2.73839e-07','-1.47505e-06','5.66731e-07','-4.02362e-09','2.93397e-08','-7.60993e-09','-3.46079e-08','4.70193e-07','-2.62743e-09','0','0','0','-2.5782e-07','6.94611e-07','-1.67538e-07','7.27617e-09','-7.60993e-09','8.90805e-09','5.63984e-08','-2.3231e-07','-2.4053e-11','0','0','0','-1.83838e-06','-2.05956e-06','5.98296e-06','1.19561e-07','-3.46079e-08','5.63984e-08','1.19281e-05','-1.78526e-06','-5.23329e-10','0','0','0','8.04856e-06','-1.07375e-05','-1.71785e-05','-6.52673e-07','4.70193e-07','-2.3231e-07','-1.78526e-06','0.00021458','-3.9024e-08','0','0','0','-1.98073e-09','1.67243e-07','-6.74073e-08','1.33318e-09','-2.62743e-09','-2.4053e-11','-5.23329e-10','-3.9024e-08','1.37387e-08','0','0','0','0','0','0','0','0','0','0','0','0','0','0','0','0','0','0','0','0','0','0','0','0','0','0','0','0','0','0','0','0','0','0','0','0','0','0','0']

reports.append(Report(575438848, ("DT", -2, 1, 3), "MBwhAst1sec03"))
reports[-1].posNum = 42
reports[-1].negNum = 0
reports[-1].fittype = "6DOF"
reports[-1].add_parameters(ValErr(-0.0100718, 0.00927582, 0), \
                           ValErr(-0.00115351, 0.0813782, 0), \
                           ValErr(0.0846034, 0.0636433, 0), \
                           ValErr(0.000459594, 0.000311362, 0), \
                           ValErr(0.00044836, 0.000165295, 0), \
                           ValErr(0.000173153, 0.000125076, 0), \
                           346.271, 42, 42, -nan)
reports[-1].sigmax = ValErr(0.0446512, 0.00522471, 0)
reports[-1].sigmay = ValErr(0.143365, 0.0165617, 0)
reports[-1].sigmadxdz = ValErr(0.000581375, 6.40109e-05, 0)
reports[-1].sigmadydz = ValErr(0, 0, 0)
reports[-1].add_stats(0.00112134, 0.123483, 0.000589571, -0.0144513, -0.00372381, 0.104538, 0.000661063, -0.0145097, -0.00372381, 0.104538, 0.000661063, -0.0145097, 0.000446748, 0.123458, 0.000721612, -0.0167054, 0.000446748, 0.123458, 0.000721612, -0.0167054, 0.0435094, 0.145475, 0.00058274, 0.0233168, 0.0435094, 0.145475, 0.00058274, 0.0233168)
reports[-1].CovMatrix = ['8.60409e-05','0.000482027','-0.000390943','5.38225e-07','1.47278e-07','-6.63064e-08','-1.88954e-06','4.42962e-06','7.83429e-09','0','0','0','0.000482027','0.00662242','-0.00498271','6.74401e-06','1.34474e-07','2.84687e-07','-7.21973e-06','2.09031e-06','9.5148e-08','0','0','0','-0.000390943','-0.00498271','0.00405047','-5.85678e-06','1.69681e-08','-3.57126e-07','4.13548e-06','4.80648e-06','-7.95776e-08','0','0','0','5.38225e-07','6.74401e-06','-5.85678e-06','9.69466e-08','3.37272e-09','6.53223e-09','4.05061e-08','-3.53355e-07','9.50801e-10','0','0','0','1.47278e-07','1.34474e-07','1.69681e-08','3.37272e-09','2.73223e-08','-1.70754e-08','-2.64419e-07','8.44168e-07','2.70531e-11','0','0','0','-6.63064e-08','2.84687e-07','-3.57126e-07','6.53223e-09','-1.70754e-08','1.5644e-08','2.34596e-07','-6.40237e-07','-4.53539e-10','0','0','0','-1.88954e-06','-7.21973e-06','4.13548e-06','4.05061e-08','-2.64419e-07','2.34596e-07','2.72982e-05','-9.62248e-06','-7.34157e-09','0','0','0','4.42962e-06','2.09031e-06','4.80648e-06','-3.53355e-07','8.44168e-07','-6.40237e-07','-9.62248e-06','0.000274307','5.24936e-09','0','0','0','7.83429e-09','9.5148e-08','-7.95776e-08','9.50801e-10','2.70531e-11','-4.53539e-10','-7.34157e-09','5.24936e-09','4.09749e-09','0','0','0','0','0','0','0','0','0','0','0','0','0','0','0','0','0','0','0','0','0','0','0','0','0','0','0','0','0','0','0','0','0','0','0','0','0','0','0']

reports.append(Report(575700992, ("DT", -2, 1, 4), "MBwhAst1sec04"))
reports[-1].posNum = 41
reports[-1].negNum = 0
reports[-1].fittype = "6DOF"
reports[-1].add_parameters(ValErr(0.00209882, 0.00147086, 0), \
                           ValErr(0.142393, 0.0245275, 0), \
                           ValErr(-0.0099886, 0.00992795, 0), \
                           ValErr(0.00012103, 0.000163561, 0), \
                           ValErr(-0.000233394, 6.10167e-05, 0), \
                           ValErr(-3.6648e-05, 2.64383e-05, 0), \
                           432.65, 41, 41, -nan)
reports[-1].sigmax = ValErr(0.00686371, 0.000790741, 0)
reports[-1].sigmay = ValErr(0.14008, 0.0163776, 0)
reports[-1].sigmadxdz = ValErr(0.000385028, 4.21545e-05, 0)
reports[-1].sigmadydz = ValErr(0, 0, 0)
reports[-1].add_stats(0.000198833, 0.0975452, -0.000243529, -0.0184406, 0.00162752, 0.129579, -0.000302226, -0.0220244, 0.00162752, 0.129579, -0.000302226, -0.0220244, 0.0028404, 0.0852793, -0.000221799, -0.0144386, 0.0028404, 0.0852793, -0.000221799, -0.0144386, 0.00723129, 0.143611, 0.000385022, 0.0231011, 0.00723129, 0.143611, 0.000385022, 0.0231011)
reports[-1].CovMatrix = ['2.16343e-06','9.65947e-06','-8.08366e-06','-3.27361e-08','1.89373e-08','-1.07124e-08','-7.53282e-08','-1.00581e-06','1.40017e-09','0','0','0','9.65947e-06','0.000601596','-0.000110519','-2.32342e-07','-1.34634e-07','1.92463e-08','-3.84259e-07','-8.35271e-06','-6.292e-09','0','0','0','-8.08366e-06','-0.000110519','9.85642e-05','5.40128e-07','1.26954e-07','1.27266e-08','9.82974e-07','1.50979e-05','-1.0138e-08','0','0','0','-3.27361e-08','-2.32342e-07','5.40128e-07','2.67522e-08','5.60716e-10','2.35215e-09','3.81711e-08','7.8913e-07','7.47711e-11','0','0','0','1.89373e-08','-1.34634e-07','1.26954e-07','5.60716e-10','3.72304e-09','-4.67129e-10','5.11237e-10','6.35906e-09','-1.48907e-11','0','0','0','-1.07124e-08','1.92463e-08','1.27266e-08','2.35215e-09','-4.67129e-10','6.98983e-10','3.33289e-09','7.5208e-08','2.28655e-11','0','0','0','-7.53282e-08','-3.84259e-07','9.82974e-07','3.81711e-08','5.11237e-10','3.33289e-09','6.25274e-07','1.18348e-06','5.92106e-10','0','0','0','-1.00581e-06','-8.35271e-06','1.50979e-05','7.8913e-07','6.35906e-09','7.5208e-08','1.18348e-06','0.000268242','6.69277e-09','0','0','0','1.40017e-09','-6.292e-09','-1.0138e-08','7.47711e-11','-1.48907e-11','2.28655e-11','5.92106e-10','6.69277e-09','1.77703e-09','0','0','0','0','0','0','0','0','0','0','0','0','0','0','0','0','0','0','0','0','0','0','0','0','0','0','0','0','0','0','0','0','0','0','0','0','0','0','0']

reports.append(Report(575963136, ("DT", -2, 1, 5), "MBwhAst1sec05"))
reports[-1].posNum = 48
reports[-1].negNum = 0
reports[-1].fittype = "6DOF"
reports[-1].add_parameters(ValErr(0.00293544, 0.00329957, 0), \
                           ValErr(0.22829, 0.0285409, 0), \
                           ValErr(-0.103655, 0.0200651, 0), \
                           ValErr(0.000115716, 0.000245506, 0), \
                           ValErr(-0.00145882, 0.000129186, 0), \
                           ValErr(-7.51437e-05, 5.56469e-05, 0), \
                           440.802, 48, 48, -nan)
reports[-1].sigmax = ValErr(0.0155592, 0.00165551, 0)
reports[-1].sigmay = ValErr(0.11103, 0.0116285, 0)
reports[-1].sigmadxdz = ValErr(0.000842487, 9.32917e-05, 0)
reports[-1].sigmadydz = ValErr(0, 0, 0)
reports[-1].add_stats(-0.000724566, 0.130329, -0.00171543, -0.0174302, -5.74162e-05, 0.114071, -0.00181311, -0.0185846, -5.74162e-05, 0.114071, -0.00181311, -0.0185846, -0.00119336, 0.108713, -0.00189732, -0.0177632, -0.00119336, 0.108713, -0.00189732, -0.0177632, 0.0156139, 0.106537, 0.000810088, 0.0167784, 0.0156139, 0.106537, 0.000810088, 0.0167784)
reports[-1].CovMatrix = ['1.08871e-05','5.36542e-05','-4.29134e-05','-8.30663e-08','8.02585e-08','-7.15645e-08','2.86203e-08','-1.26345e-06','1.28348e-08','0','0','0','5.36542e-05','0.000814584','-0.000473243','-3.26247e-07','-2.28142e-07','-2.94847e-07','-6.75703e-07','2.00847e-05','-9.95521e-08','0','0','0','-4.29134e-05','-0.000473243','0.000402609','7.316e-07','4.52612e-07','2.23308e-07','1.60212e-07','-2.00828e-05','1.42082e-07','0','0','0','-8.30663e-08','-3.26247e-07','7.316e-07','6.02732e-08','6.64295e-09','5.01876e-09','2.08556e-08','-3.62574e-07','1.71717e-09','0','0','0','8.02585e-08','-2.28142e-07','4.52612e-07','6.64295e-09','1.6689e-08','-1.6538e-09','-1.11237e-08','-4.31474e-07','4.18927e-09','0','0','0','-7.15645e-08','-2.94847e-07','2.23308e-07','5.01876e-09','-1.6538e-09','3.09658e-09','-1.63684e-08','7.72958e-08','2.58822e-10','0','0','0','2.86203e-08','-6.75703e-07','1.60212e-07','2.08556e-08','-1.11237e-08','-1.63684e-08','2.74073e-06','-6.8411e-09','-1.08261e-08','0','0','0','-1.26345e-06','2.00847e-05','-2.00828e-05','-3.62574e-07','-4.31474e-07','7.72958e-08','-6.8411e-09','0.000135227','-9.62696e-08','0','0','0','1.28348e-08','-9.95521e-08','1.42082e-07','1.71717e-09','4.18927e-09','2.58822e-10','-1.08261e-08','-9.62696e-08','8.70364e-09','0','0','0','0','0','0','0','0','0','0','0','0','0','0','0','0','0','0','0','0','0','0','0','0','0','0','0','0','0','0','0','0','0','0','0','0','0','0','0']

reports.append(Report(576225280, ("DT", -2, 1, 6), "MBwhAst1sec06"))
reports[-1].posNum = 44
reports[-1].negNum = 0
reports[-1].fittype = "6DOF"
reports[-1].add_parameters(ValErr(0.00291545, 0.00122411, 0), \
                           ValErr(0.131124, 0.0190086, 0), \
                           ValErr(-0.0557309, 0.00810481, 0), \
                           ValErr(-0.000267372, 0.000153086, 0), \
                           ValErr(-0.000965998, 8.22715e-05, 0), \
                           ValErr(-0.000112134, 2.65031e-05, 0), \
                           483.573, 44, 44, -nan)
reports[-1].sigmax = ValErr(0.00423654, 0.000448255, 0)
reports[-1].sigmay = ValErr(0.109749, 0.0118024, 0)
reports[-1].sigmadxdz = ValErr(0.000513766, 6.57376e-05, 0)
reports[-1].sigmadydz = ValErr(0, 0, 0)
reports[-1].add_stats(0.00133609, 0.0626256, -0.00110976, -0.0102862, 0.000470663, 0.0733923, -0.00128121, -0.0120675, 0.000470663, 0.0733923, -0.00128121, -0.0120675, 0.000242091, 0.0622264, -0.0012198, -0.0103303, 0.000242091, 0.0622264, -0.0012198, -0.0103303, 0.00455561, 0.0984484, 0.000474624, 0.0159365, 0.00455561, 0.0984484, 0.000474624, 0.0159365)
reports[-1].CovMatrix = ['1.49846e-06','5.87403e-06','-6.58675e-06','-9.92692e-08','1.53959e-08','-2.32661e-08','-7.73994e-08','1.01208e-06','-7.23256e-10','0','0','0','5.87403e-06','0.000361326','-7.16895e-05','-3.66797e-07','-3.28955e-07','-7.40007e-08','1.12105e-06','-3.44185e-06','-1.56042e-07','0','0','0','-6.58675e-06','-7.16895e-05','6.56879e-05','6.3889e-07','2.33469e-07','1.09641e-07','-6.2048e-09','1.45644e-06','1.26012e-07','0','0','0','-9.92692e-08','-3.66797e-07','6.3889e-07','2.34353e-08','9.79703e-10','2.93127e-09','9.49045e-09','-6.2862e-08','8.25612e-10','0','0','0','1.53959e-08','-3.28955e-07','2.33469e-07','9.79703e-10','6.76861e-09','-1.17603e-10','-1.26629e-08','1.51105e-07','2.65081e-09','0','0','0','-2.32661e-08','-7.40007e-08','1.09641e-07','2.93127e-09','-1.17603e-10','7.02414e-10','9.39046e-10','-1.41735e-08','1.63889e-10','0','0','0','-7.73994e-08','1.12105e-06','-6.2048e-09','9.49045e-09','-1.26629e-08','9.39046e-10','2.00933e-07','-2.34272e-07','-4.74758e-09','0','0','0','1.01208e-06','-3.44185e-06','1.45644e-06','-6.2862e-08','1.51105e-07','-1.41735e-08','-2.34272e-07','0.000139303','4.66537e-08','0','0','0','-7.23256e-10','-1.56042e-07','1.26012e-07','8.25612e-10','2.65081e-09','1.63889e-10','-4.74758e-09','4.66537e-08','4.32155e-09','0','0','0','0','0','0','0','0','0','0','0','0','0','0','0','0','0','0','0','0','0','0','0','0','0','0','0','0','0','0','0','0','0','0','0','0','0','0','0']

reports.append(Report(576487424, ("DT", -2, 1, 7), "MBwhAst1sec07"))
reports[-1].posNum = 47
reports[-1].negNum = 0
reports[-1].fittype = "6DOF"
reports[-1].add_parameters(ValErr(0.00314598, 0.00171605, 0), \
                           ValErr(0.0206358, 0.0283906, 0), \
                           ValErr(-0.0091624, 0.0145665, 0), \
                           ValErr(-0.000308043, 0.000210822, 0), \
                           ValErr(-9.45574e-05, 5.7381e-05, 0), \
                           ValErr(1.31042e-05, 3.07894e-05, 0), \
                           472.281, 47, 47, -nan)
reports[-1].sigmax = ValErr(0.0120512, 0.00119423, 0)
reports[-1].sigmay = ValErr(0.152723, 0.0158446, 0)
reports[-1].sigmadxdz = ValErr(0.000332848, 3.35791e-05, 0)
reports[-1].sigmadydz = ValErr(0, 0, 0)
reports[-1].add_stats(0.000997544, 0.0387956, -3.03812e-05, -0.00707155, 0.00363311, 0.0154675, -5.15162e-05, -0.00335672, 0.00363311, 0.0154675, -5.15162e-05, -0.00335672, 0.00506907, 0.0500499, -8.11563e-05, -0.00954013, 0.00506907, 0.0500499, -8.11563e-05, -0.00954013, 0.0124418, 0.148692, 0.000339641, 0.0239144, 0.0124418, 0.148692, 0.000339641, 0.0239144)
reports[-1].CovMatrix = ['2.94484e-06','1.50848e-05','-9.93052e-06','1.07996e-07','1.04446e-08','1.28921e-09','4.22096e-07','-1.3633e-06','1.24543e-08','0','0','0','1.50848e-05','0.000806027','-0.000250058','5.1527e-07','-3.38768e-07','2.28066e-07','1.08406e-06','-8.6622e-06','2.44376e-08','0','0','0','-9.93052e-06','-0.000250058','0.000212184','3.05521e-07','3.17335e-07','-1.73674e-07','-7.36911e-07','-5.2509e-06','-2.52684e-08','0','0','0','1.07996e-07','5.1527e-07','3.05521e-07','4.44461e-08','3.73428e-09','4.95549e-10','1.29939e-08','-6.82907e-07','1.52707e-10','0','0','0','1.04446e-08','-3.38768e-07','3.17335e-07','3.73428e-09','3.29258e-09','-8.66855e-10','1.77336e-08','-9.35163e-08','2.82421e-10','0','0','0','1.28921e-09','2.28066e-07','-1.73674e-07','4.95549e-10','-8.66855e-10','9.4799e-10','-1.14265e-08','9.85926e-09','-2.19356e-10','0','0','0','4.22096e-07','1.08406e-06','-7.36911e-07','1.29939e-08','1.77336e-08','-1.14265e-08','1.42618e-06','-7.34652e-08','-1.92978e-09','0','0','0','-1.3633e-06','-8.6622e-06','-5.2509e-06','-6.82907e-07','-9.35163e-08','9.85926e-09','-7.34652e-08','0.000251065','3.4228e-09','0','0','0','1.24543e-08','2.44376e-08','-2.52684e-08','1.52707e-10','2.82421e-10','-2.19356e-10','-1.92978e-09','3.4228e-09','1.12757e-09','0','0','0','0','0','0','0','0','0','0','0','0','0','0','0','0','0','0','0','0','0','0','0','0','0','0','0','0','0','0','0','0','0','0','0','0','0','0','0']

reports.append(Report(576749568, ("DT", -2, 1, 8), "MBwhAst1sec08"))
reports[-1].posNum = 54
reports[-1].negNum = 0
reports[-1].fittype = "6DOF"
reports[-1].add_parameters(ValErr(-0.0087985, 0.00734496, 0), \
                           ValErr(0.131517, 0.0644383, 0), \
                           ValErr(0.0248605, 0.0513023, 0), \
                           ValErr(4.9323e-05, 0.000267116, 0), \
                           ValErr(-0.000144272, 0.000148326, 0), \
                           ValErr(3.19383e-05, 0.000101958, 0), \
                           431.858, 54, 54, -nan)
reports[-1].sigmax = ValErr(0.0407029, 0.00392726, 0)
reports[-1].sigmay = ValErr(0.11174, 0.0108099, 0)
reports[-1].sigmadxdz = ValErr(0.00104783, 0.000101096, 0)
reports[-1].sigmadydz = ValErr(0, 0, 0)
reports[-1].add_stats(-0.0021038, 0.15342, 0.000145527, -0.0191244, -0.00557239, 0.16052, -8.59505e-05, -0.0193378, -0.00557239, 0.16052, -8.59505e-05, -0.0193378, -0.00318872, 0.154424, -0.000162871, -0.0179265, -0.00318872, 0.154424, -0.000162871, -0.0179265, 0.0407208, 0.112916, 0.00104643, 0.0186347, 0.0407208, 0.112916, 0.00104643, 0.0186347)
reports[-1].CovMatrix = ['5.39485e-05','0.000278009','-0.000228347','2.94455e-07','1.5377e-07','-1.15338e-07','-6.86077e-07','1.07361e-06','-8.90503e-09','0','0','0','0.000278009','0.00415229','-0.0032075','4.81721e-06','-7.57133e-07','9.21124e-07','-4.12823e-06','1.09592e-06','-1.07454e-07','0','0','0','-0.000228347','-0.0032075','0.00263193','-3.21302e-06','5.83497e-07','-6.68319e-07','3.83377e-06','-3.71156e-06','7.13998e-08','0','0','0','2.94455e-07','4.81721e-06','-3.21302e-06','7.13509e-08','-1.10798e-09','7.20746e-09','3.29078e-08','-2.53984e-07','-1.60196e-09','0','0','0','1.5377e-07','-7.57133e-07','5.83497e-07','-1.10798e-09','2.20005e-08','-7.79505e-09','-1.17271e-08','6.63651e-08','3.06523e-10','0','0','0','-1.15338e-07','9.21124e-07','-6.68319e-07','7.20746e-09','-7.79505e-09','1.03954e-08','2.51204e-08','-5.97101e-08','7.6058e-11','0','0','0','-6.86077e-07','-4.12823e-06','3.83377e-06','3.29078e-08','-1.17271e-08','2.51204e-08','1.54236e-05','-2.21392e-07','-2.14809e-11','0','0','0','1.07361e-06','1.09592e-06','-3.71156e-06','-2.53984e-07','6.63651e-08','-5.97101e-08','-2.21392e-07','0.000116859','5.91267e-09','0','0','0','-8.90503e-09','-1.07454e-07','7.13998e-08','-1.60196e-09','3.06523e-10','7.6058e-11','-2.14809e-11','5.91267e-09','1.02208e-08','0','0','0','0','0','0','0','0','0','0','0','0','0','0','0','0','0','0','0','0','0','0','0','0','0','0','0','0','0','0','0','0','0','0','0','0','0','0','0']

reports.append(Report(577011712, ("DT", -2, 1, 9), "MBwhAst1sec09"))
reports[-1].posNum = 36
reports[-1].negNum = 0
reports[-1].fittype = "6DOF"
reports[-1].add_parameters(ValErr(-0.0115305, 0.00394241, 0), \
                           ValErr(0.0669971, 0.0355174, 0), \
                           ValErr(0.0439162, 0.0178824, 0), \
                           ValErr(0.000494858, 0.0003183, 0), \
                           ValErr(-0.000137716, 8.77427e-05, 0), \
                           ValErr(0.000137874, 6.96427e-05, 0), \
                           341.87, 36, 36, -nan)
reports[-1].sigmax = ValErr(0.0159446, 0.00196536, 0)
reports[-1].sigmay = ValErr(0.196488, 0.0231692, 0)
reports[-1].sigmadxdz = ValErr(0.000339668, 4.0054e-05, 0)
reports[-1].sigmadydz = ValErr(0, 0, 0)
reports[-1].add_stats(-0.00168324, 0.149786, 5.41187e-05, -0.0144244, -0.00448218, 0.109654, -4.4581e-05, -0.0162572, -0.00448218, 0.109654, -4.4581e-05, -0.0162572, -0.00348, 0.113446, 2.78383e-05, -0.0167371, -0.00348, 0.113446, 2.78383e-05, -0.0167371, 0.0173224, 0.196391, 0.000337379, 0.0308719, 0.0173224, 0.196391, 0.000337379, 0.0308719)
reports[-1].CovMatrix = ['1.55426e-05','4.05877e-05','-4.29105e-05','-3.2873e-07','2.14626e-07','-2.06565e-07','9.71027e-07','-5.25982e-07','3.81992e-09','0','0','0','4.05877e-05','0.00126149','-0.00026979','-1.2539e-06','1.11073e-06','-9.98745e-07','6.75438e-06','8.9888e-06','-4.04444e-08','0','0','0','-4.29105e-05','-0.00026979','0.00031978','2.74172e-06','-7.75635e-07','9.06473e-07','-5.28734e-06','8.64751e-06','1.78033e-08','0','0','0','-3.2873e-07','-1.2539e-06','2.74172e-06','1.01315e-07','2.03204e-09','9.17304e-09','-1.02734e-07','2.89346e-07','-1.83322e-09','0','0','0','2.14626e-07','1.11073e-06','-7.75635e-07','2.03204e-09','7.69878e-09','-4.18504e-09','9.36778e-09','3.92696e-10','1.63726e-10','0','0','0','-2.06565e-07','-9.98745e-07','9.06473e-07','9.17304e-09','-4.18504e-09','4.85011e-09','-2.33716e-08','2.14997e-08','-3.81687e-10','0','0','0','9.71027e-07','6.75438e-06','-5.28734e-06','-1.02734e-07','9.36778e-09','-2.33716e-08','3.86269e-06','-1.91021e-07','6.411e-10','0','0','0','-5.25982e-07','8.9888e-06','8.64751e-06','2.89346e-07','3.92696e-10','2.14997e-08','-1.91021e-07','0.000536859','-1.18663e-08','0','0','0','3.81992e-09','-4.04444e-08','1.78033e-08','-1.83322e-09','1.63726e-10','-3.81687e-10','6.411e-10','-1.18663e-08','1.60435e-09','0','0','0','0','0','0','0','0','0','0','0','0','0','0','0','0','0','0','0','0','0','0','0','0','0','0','0','0','0','0','0','0','0','0','0','0','0','0','0']

reports.append(Report(577273856, ("DT", -2, 1, 10), "MBwhAst1sec10"))
reports[-1].posNum = 0
reports[-1].negNum = 0
reports[-1].status = "TOOFEWHITS"

reports.append(Report(577536000, ("DT", -2, 1, 11), "MBwhAst1sec11"))
reports[-1].posNum = 34
reports[-1].negNum = 0
reports[-1].fittype = "6DOF"
reports[-1].add_parameters(ValErr(0.00463516, 0.00557444, 0), \
                           ValErr(0.155234, 0.0531512, 0), \
                           ValErr(-0.0455166, 0.0366936, 0), \
                           ValErr(-5.68374e-05, 0.000297888, 0), \
                           ValErr(-0.00128721, 0.000139397, 0), \
                           ValErr(-4.54432e-05, 7.08222e-05, 0), \
                           292.562, 34, 34, -nan)
reports[-1].sigmax = ValErr(0.0227949, 0.00243946, 0)
reports[-1].sigmay = ValErr(0.168192, 0.0210265, 0)
reports[-1].sigmadxdz = ValErr(0.000677087, 8.36281e-05, 0)
reports[-1].sigmadydz = ValErr(0, 0, 0)
reports[-1].add_stats(-0.000147877, 0.0966709, -0.00136551, -0.0105826, 0.00582077, 0.10808, -0.00149084, -0.0148106, 0.00582077, 0.10808, -0.00149084, -0.0148106, 0.000157474, 0.103715, -0.00145768, -0.0154653, 0.000157474, 0.103715, -0.00145768, -0.0154653, 0.0211267, 0.1344, 0.000657232, 0.0221271, 0.0211267, 0.1344, 0.000657232, 0.0221271)
reports[-1].CovMatrix = ['3.10744e-05','0.000167509','-0.000137043','-3.86724e-08','1.06976e-07','-1.00962e-07','-3.16508e-07','-4.18594e-06','-4.84867e-09','0','0','0','0.000167509','0.00282505','-0.00163646','1.98867e-07','-4.28843e-07','-1.51865e-07','-1.83774e-05','1.18377e-05','-2.50368e-07','0','0','0','-0.000137043','-0.00163646','0.00134642','2.80288e-07','4.94535e-07','6.33687e-08','1.30466e-05','-1.52275e-05','2.3596e-07','0','0','0','-3.86724e-08','1.98867e-07','2.80288e-07','8.87375e-08','6.15011e-09','4.95365e-09','-1.88117e-07','-7.60516e-07','1.81907e-09','0','0','0','1.06976e-07','-4.28843e-07','4.94535e-07','6.15011e-09','1.94314e-08','-5.09116e-09','7.27886e-08','-7.67176e-07','3.23575e-09','0','0','0','-1.00962e-07','-1.51865e-07','6.33687e-08','4.95365e-09','-5.09116e-09','5.01578e-09','-9.79348e-08','2.91708e-07','6.69471e-11','0','0','0','-3.16508e-07','-1.83774e-05','1.30466e-05','-1.88117e-07','7.27886e-08','-9.79348e-08','5.95103e-06','-3.35051e-06','-9.71578e-09','0','0','0','-4.18594e-06','1.18377e-05','-1.52275e-05','-7.60516e-07','-7.67176e-07','2.91708e-07','-3.35051e-06','0.000442152','-1.89642e-07','0','0','0','-4.84867e-09','-2.50368e-07','2.3596e-07','1.81907e-09','3.23575e-09','6.69471e-11','-9.71578e-09','-1.89642e-07','6.9939e-09','0','0','0','0','0','0','0','0','0','0','0','0','0','0','0','0','0','0','0','0','0','0','0','0','0','0','0','0','0','0','0','0','0','0','0','0','0','0','0']

reports.append(Report(577798144, ("DT", -2, 1, 12), "MBwhAst1sec12"))
reports[-1].posNum = 53
reports[-1].negNum = 0
reports[-1].fittype = "6DOF"
reports[-1].add_parameters(ValErr(0.00453814, 0.00597317, 0), \
                           ValErr(0.136487, 0.0580152, 0), \
                           ValErr(-0.0747409, 0.042743, 0), \
                           ValErr(0.000207236, 0.000331552, 0), \
                           ValErr(-0.00135714, 0.000161084, 0), \
                           ValErr(1.73625e-05, 8.62235e-05, 0), \
                           409.19, 53, 53, -nan)
reports[-1].sigmax = ValErr(0.0334971, 0.00332863, 0)
reports[-1].sigmay = ValErr(0.180274, 0.0177356, 0)
reports[-1].sigmadxdz = ValErr(0.00104071, 0.000102552, 0)
reports[-1].sigmadydz = ValErr(0, 0, 0)
reports[-1].add_stats(-0.00297514, 0.0574881, -0.00138892, -0.00717397, 0.00393889, 0.0420263, -0.00153551, -0.00525844, 0.00393889, 0.0420263, -0.00153551, -0.00525844, 0.000931512, 0.0459813, -0.00152987, -0.00472849, 0.000931512, 0.0459813, -0.00152987, -0.00472849, 0.0322372, 0.169827, 0.00103122, 0.0274982, 0.0322372, 0.169827, 0.00103122, 0.0274982)
reports[-1].CovMatrix = ['3.56787e-05','0.000182807','-0.000147978','1.78229e-07','9.14645e-08','-3.95688e-08','4.59019e-07','-1.67858e-06','7.64575e-09','0','0','0','0.000182807','0.00336577','-0.0022548','2.40088e-06','-1.56688e-06','9.66998e-07','-7.22572e-06','6.35522e-05','-1.19121e-07','0','0','0','-0.000147978','-0.0022548','0.00182696','-1.12024e-06','1.24247e-06','-7.70724e-07','5.74574e-06','-4.70706e-05','4.27794e-08','0','0','0','1.78229e-07','2.40088e-06','-1.12024e-06','1.09927e-07','-1.82384e-09','8.55029e-09','1.03269e-07','-3.75464e-07','-1.35489e-09','0','0','0','9.14645e-08','-1.56688e-06','1.24247e-06','-1.82384e-09','2.59481e-08','-7.22905e-09','1.63096e-08','-5.79134e-07','2.75504e-09','0','0','0','-3.95688e-08','9.66998e-07','-7.70724e-07','8.55029e-09','-7.22905e-09','7.43449e-09','-3.88984e-08','2.53406e-07','-1.64684e-10','0','0','0','4.59019e-07','-7.22572e-06','5.74574e-06','1.03269e-07','1.63096e-08','-3.88984e-08','1.10799e-05','7.06881e-08','-4.92731e-09','0','0','0','-1.67858e-06','6.35522e-05','-4.70706e-05','-3.75464e-07','-5.79134e-07','2.53406e-07','7.06881e-08','0.000314569','-4.01697e-08','0','0','0','7.64575e-09','-1.19121e-07','4.27794e-08','-1.35489e-09','2.75504e-09','-1.64684e-10','-4.92731e-09','-4.01697e-08','1.05172e-08','0','0','0','0','0','0','0','0','0','0','0','0','0','0','0','0','0','0','0','0','0','0','0','0','0','0','0','0','0','0','0','0','0','0','0','0','0','0','0']

reports.append(Report(579108864, ("DT", -2, 2, 1), "MBwhAst2sec01"))
reports[-1].posNum = 100
reports[-1].negNum = 0
reports[-1].fittype = "6DOF"
reports[-1].add_parameters(ValErr(0.00480792, 0.00177168, 0), \
                           ValErr(-0.0279749, 0.0200502, 0), \
                           ValErr(0.0245955, 0.0147389, 0), \
                           ValErr(-0.000338767, 0.000176789, 0), \
                           ValErr(0.00030769, 5.54025e-05, 0), \
                           ValErr(7.54207e-06, 3.39674e-05, 0), \
                           951.961, 100, 100, -nan)
reports[-1].sigmax = ValErr(0.016688, 0.00118729, 0)
reports[-1].sigmay = ValErr(0.130908, 0.00931366, 0)
reports[-1].sigmadxdz = ValErr(0.000475991, 3.39155e-05, 0)
reports[-1].sigmadydz = ValErr(0, 0, 0)
reports[-1].add_stats(0.000724132, -0.00987131, 0.00028663, 0.00336053, 0.00217045, -0.00592733, 0.000328203, 0.00316302, 0.00217045, -0.00592733, 0.000328203, 0.00316302, 0.0028308, 0.00361454, 0.000357819, 0.00155043, 0.0028308, 0.00361454, 0.000357819, 0.00155043, 0.0170424, 0.128376, 0.000483218, 0.0236454, 0.0170424, 0.128376, 0.000483218, 0.0236454)
reports[-1].CovMatrix = ['3.13885e-06','-7.64794e-06','7.3037e-06','3.40657e-09','1.49511e-08','-3.49321e-09','-5.00811e-09','1.83345e-07','-4.01409e-10','0','0','0','-7.64794e-06','0.000402011','-0.00022257','2.74575e-07','1.22886e-08','3.15445e-08','-1.10539e-07','1.52273e-07','2.92676e-09','0','0','0','7.3037e-06','-0.00022257','0.000217235','-5.38895e-07','2.21411e-09','-2.69348e-08','2.05249e-07','8.47906e-07','-8.64761e-09','0','0','0','3.40657e-09','2.74575e-07','-5.38895e-07','3.12544e-08','-6.2362e-10','-9.0919e-10','-1.3061e-08','-7.42033e-08','6.48122e-10','0','0','0','1.49511e-08','1.22886e-08','2.21411e-09','-6.2362e-10','3.06944e-09','-1.04789e-09','-3.21851e-09','5.05271e-08','-8.99839e-11','0','0','0','-3.49321e-09','3.15445e-08','-2.69348e-08','-9.0919e-10','-1.04789e-09','1.15378e-09','4.0496e-09','-2.32775e-08','-3.03074e-11','0','0','0','-5.00811e-09','-1.10539e-07','2.05249e-07','-1.3061e-08','-3.21851e-09','4.0496e-09','1.40967e-06','-5.236e-08','-3.07743e-10','0','0','0','1.83345e-07','1.52273e-07','8.47906e-07','-7.42033e-08','5.05271e-08','-2.32775e-08','-5.236e-08','8.67462e-05','-2.35235e-09','0','0','0','-4.01409e-10','2.92676e-09','-8.64761e-09','6.48122e-10','-8.99839e-11','-3.03074e-11','-3.07743e-10','-2.35235e-09','1.15027e-09','0','0','0','0','0','0','0','0','0','0','0','0','0','0','0','0','0','0','0','0','0','0','0','0','0','0','0','0','0','0','0','0','0','0','0','0','0','0','0']

reports.append(Report(579371008, ("DT", -2, 2, 2), "MBwhAst2sec02"))
reports[-1].posNum = 75
reports[-1].negNum = 0
reports[-1].fittype = "6DOF"
reports[-1].add_parameters(ValErr(0.00155327, 0.00119859, 0), \
                           ValErr(-0.0497357, 0.018973, 0), \
                           ValErr(0.0144552, 0.00965229, 0), \
                           ValErr(-0.000208019, 0.000166738, 0), \
                           ValErr(0.000328864, 4.76522e-05, 0), \
                           ValErr(2.37624e-05, 2.39285e-05, 0), \
                           769.053, 75, 75, -nan)
reports[-1].sigmax = ValErr(0.00910974, 0.000750285, 0)
reports[-1].sigmay = ValErr(0.139811, 0.0115074, 0)
reports[-1].sigmadxdz = ValErr(0.000391699, 3.20748e-05, 0)
reports[-1].sigmadydz = ValErr(0, 0, 0)
reports[-1].add_stats(-2.98017e-05, -0.0552149, 0.000342499, 0.00919422, -0.00141013, -0.0341347, 0.000369138, 0.00671187, -0.00141013, -0.0341347, 0.000369138, 0.00671187, -0.00145893, -0.04524, 0.000408461, 0.00897255, -0.00145893, -0.04524, 0.000408461, 0.00897255, 0.00948131, 0.136175, 0.00039113, 0.0231094, 0.00948131, 0.136175, 0.00039113, 0.0231094)
reports[-1].CovMatrix = ['1.43661e-06','-4.80109e-06','4.65968e-06','-2.37707e-08','1.17429e-08','8.47299e-11','-2.36062e-09','-2.66047e-07','-5.52121e-10','0','0','0','-4.80109e-06','0.000359976','-9.58025e-05','4.64816e-08','3.37213e-08','-2.57911e-08','-1.01306e-07','-2.05329e-06','-1.14492e-09','0','0','0','4.65968e-06','-9.58025e-05','9.31667e-05','-1.8392e-07','-4.67996e-08','3.7779e-08','2.0894e-08','8.65172e-07','2.03142e-09','0','0','0','-2.37707e-08','4.64816e-08','-1.8392e-07','2.78016e-08','2.42215e-10','-1.68957e-09','1.53091e-08','2.0878e-07','-7.24095e-11','0','0','0','1.17429e-08','3.37213e-08','-4.67996e-08','2.42215e-10','2.27073e-09','-4.66572e-10','6.10635e-10','-3.07998e-08','-1.1025e-10','0','0','0','8.47299e-11','-2.57911e-08','3.7779e-08','-1.68957e-09','-4.66572e-10','5.72573e-10','-3.90503e-10','-1.67623e-09','1.26021e-11','0','0','0','-2.36062e-09','-1.01306e-07','2.0894e-08','1.53091e-08','6.10635e-10','-3.90503e-10','5.62928e-07','1.17222e-07','-8.57166e-11','0','0','0','-2.66047e-07','-2.05329e-06','8.65172e-07','2.0878e-07','-3.07998e-08','-1.67623e-09','1.17222e-07','0.000132425','8.7035e-10','0','0','0','-5.52121e-10','-1.14492e-09','2.03142e-09','-7.24095e-11','-1.1025e-10','1.26021e-11','-8.57166e-11','8.7035e-10','1.0288e-09','0','0','0','0','0','0','0','0','0','0','0','0','0','0','0','0','0','0','0','0','0','0','0','0','0','0','0','0','0','0','0','0','0','0','0','0','0','0','0']

reports.append(Report(579633152, ("DT", -2, 2, 3), "MBwhAst2sec03"))
reports[-1].posNum = 70
reports[-1].negNum = 0
reports[-1].fittype = "6DOF"
reports[-1].add_parameters(ValErr(0.00576759, 0.000792478, 0), \
                           ValErr(0.041252, 0.0182096, 0), \
                           ValErr(-0.00507311, 0.00614103, 0), \
                           ValErr(0.000361622, 0.000121791, 0), \
                           ValErr(0.000592591, 7.65427e-05, 0), \
                           ValErr(-2.73023e-05, 1.42304e-05, 0), \
                           722.175, 70, 70, -nan)
reports[-1].sigmax = ValErr(0.00522783, 0.000488524, 0)
reports[-1].sigmay = ValErr(0.143353, 0.0121548, 0)
reports[-1].sigmadxdz = ValErr(0.000625269, 6.00003e-05, 0)
reports[-1].sigmadydz = ValErr(0, 0, 0)
reports[-1].add_stats(0.00167039, 0.0490057, 0.000831689, -0.00348816, 0.00247533, 0.0379359, 0.000824335, -0.0054385, 0.00247533, 0.0379359, 0.000824335, -0.0054385, 0.00272724, 0.0500705, 0.000800909, -0.00778831, 0.00272724, 0.0500705, 0.000800909, -0.00778831, 0.00521828, 0.140126, 0.000583693, 0.0226286, 0.00521828, 0.140126, 0.000583693, 0.0226286)
reports[-1].CovMatrix = ['6.28021e-07','-1.13323e-06','9.17778e-07','-7.956e-09','2.82988e-08','-1.40388e-09','7.08469e-08','-3.48344e-07','-9.86373e-09','0','0','0','-1.13323e-06','0.000331591','-3.76805e-05','-2.6976e-08','1.3417e-07','-4.88751e-09','3.43969e-07','-1.73034e-06','-4.77267e-08','0','0','0','9.17778e-07','-3.76805e-05','3.77122e-05','8.35818e-08','-1.6505e-07','3.62618e-09','-4.26253e-07','1.64091e-06','5.85304e-08','0','0','0','-7.956e-09','-2.6976e-08','8.35818e-08','1.4833e-08','-1.24889e-09','-6.95814e-10','-4.40858e-09','-2.7589e-08','4.12616e-10','0','0','0','2.82988e-08','1.3417e-07','-1.6505e-07','-1.24889e-09','5.85878e-09','-7.69309e-11','1.54698e-08','-6.83597e-08','-2.13773e-09','0','0','0','-1.40388e-09','-4.88751e-09','3.62618e-09','-6.95814e-10','-7.69309e-11','2.02503e-10','4.96727e-10','4.96584e-09','-3.73203e-11','0','0','0','7.08469e-08','3.43969e-07','-4.26253e-07','-4.40858e-09','1.54698e-08','4.96727e-10','2.38656e-07','-1.69503e-07','-5.9027e-09','0','0','0','-3.48344e-07','-1.73034e-06','1.64091e-06','-2.7589e-08','-6.83597e-08','4.96584e-09','-1.69503e-07','0.000147743','2.42548e-08','0','0','0','-9.86373e-09','-4.77267e-08','5.85304e-08','4.12616e-10','-2.13773e-09','-3.73203e-11','-5.9027e-09','2.42548e-08','3.60011e-09','0','0','0','0','0','0','0','0','0','0','0','0','0','0','0','0','0','0','0','0','0','0','0','0','0','0','0','0','0','0','0','0','0','0','0','0','0','0','0']

reports.append(Report(579895296, ("DT", -2, 2, 4), "MBwhAst2sec04"))
reports[-1].posNum = 66
reports[-1].negNum = 0
reports[-1].fittype = "6DOF"
reports[-1].add_parameters(ValErr(0.00135732, 0.000384457, 0), \
                           ValErr(0.0561638, 0.015468, 0), \
                           ValErr(0.00110037, 0.00272565, 0), \
                           ValErr(7.09418e-05, 6.53027e-05, 0), \
                           ValErr(7.35342e-05, 4.07113e-05, 0), \
                           ValErr(-1.01444e-05, 7.65633e-06, 0), \
                           751.118, 66, 66, -nan)
reports[-1].sigmax = ValErr(0.0022723, 0.000204473, 0)
reports[-1].sigmay = ValErr(0.123674, 0.0107963, 0)
reports[-1].sigmadxdz = ValErr(0.000575479, 5.17368e-05, 0)
reports[-1].sigmadydz = ValErr(0, 0, 0)
reports[-1].add_stats(0.000504096, 0.0415303, 0.000165206, -0.00288978, 0.000735381, 0.0559677, 0.000242777, -0.00701663, 0.000735381, 0.0559677, 0.000242777, -0.00701663, 0.000422182, 0.0456565, 0.000238971, -0.00581911, 0.000422182, 0.0456565, 0.000238971, -0.00581911, 0.00226747, 0.124993, 0.00054642, 0.0216239, 0.00226747, 0.124993, 0.00054642, 0.0216239)
