nan = None;  NAN = None
nan = 0
reports = []
class ValErr:
    def __init__(self, value, error, antisym):
        self.value, self.error, self.antisym = value, error, antisym

    def __repr__(self):
        if self.antisym == 0.:
            return "%g +- %g" % (self.value, self.error)
        else:
            return "%g +- %g ~ %g" % (self.value, self.error, self.antisym)

class Report:
    def __init__(self, chamberId, postal_address, name):
        self.chamberId, self.postal_address, self.name = chamberId, postal_address, name
        self.status = "NOFIT"
        self.fittype = None
        self.CovMatrix = None

    def add_parameters(self, deltax, deltay, deltaz, deltaphix, deltaphiy, deltaphiz, loglikelihood, numsegments, sumofweights, redchi2):
        self.status = "PASS"
        self.deltax, self.deltay, self.deltaz, self.deltaphix, self.deltaphiy, self.deltaphiz = deltax, deltay, deltaz, deltaphix, deltaphiy, deltaphiz
        self.loglikelihood, self.numsegments, self.sumofweights, self.redchi2 = loglikelihood, numsegments, sumofweights, redchi2

    def add_stats(self, median_x, median_y, median_dxdz, median_dydz, mean30_x, mean30_y, mean20_dxdz, mean50_dydz, mean15_x, mean15_y, mean10_dxdz, mean25_dydz, wmean30_x, wmean30_y, wmean20_dxdz, wmean50_dydz, wmean15_x, wmean15_y, wmean10_dxdz, wmean25_dydz, stdev30_x, stdev30_y, stdev20_dxdz, stdev50_dydz, stdev15_x, stdev15_y, stdev10_dxdz, stdev25_dydz):
        self.median_x, self.median_y, self.median_dxdz, self.median_dydz, self.mean30_x, self.mean30_y, self.mean20_dxdz, self.mean50_dydz, self.mean15_x, self.mean15_y, self.mean10_dxdz, self.mean25_dydz, self.wmean30_x, self.wmean30_y, self.wmean20_dxdz, self.wmean50_dydz, self.wmean15_x, self.wmean15_y, self.wmean10_dxdz, self.wmean25_dydz, self.stdev30_x, self.stdev30_y, self.stdev20_dxdz, self.stdev50_dydz, self.stdev15_x, self.stdev15_y, self.stdev10_dxdz, self.stdev25_dydz = median_x, median_y, median_dxdz, median_dydz, mean30_x, mean30_y, mean20_dxdz, mean50_dydz, mean15_x, mean15_y, mean10_dxdz, mean25_dydz, wmean30_x, wmean30_y, wmean20_dxdz, wmean50_dydz, wmean15_x, wmean15_y, wmean10_dxdz, wmean25_dydz, stdev30_x, stdev30_y, stdev20_dxdz, stdev50_dydz, stdev15_x, stdev15_y, stdev10_dxdz, stdev25_dydz

    def __repr__(self):
        return "<Report %s %s %s>" % (self.postal_address[0], " ".join(map(str, self.postal_address[1:])), self.status)

reports.append(Report(574914560, ("DT", -2, 1, 1), "MBwhAst1sec01"))
reports[-1].posNum = 128
reports[-1].negNum = 0
reports[-1].fittype = "6DOF"
reports[-1].add_parameters(ValErr(-0.0480371, 0.00711856, 0), \
                           ValErr(0.0162963, 0.0584328, 0), \
                           ValErr(0.0177156, 0.0467595, 0), \
                           ValErr(-0.000111862, 0.0002107, 0), \
                           ValErr(-0.000815256, 0.000126588, 0), \
                           ValErr(5.05708e-05, 9.33359e-05, 0), \
                           908.052, 128, 128, -nan)
reports[-1].sigmax = ValErr(0.0613518, 0.00403485, 0)
reports[-1].sigmay = ValErr(0.135102, 0.00877575, 0)
reports[-1].sigmadxdz = ValErr(0.0014185, 9.02754e-05, 0)
reports[-1].sigmadydz = ValErr(0, 0, 0)
reports[-1].add_stats(-0.00544439, 0.0460313, -0.000411641, -0.00623493, -0.0413775, 0.0400258, -0.000942405, -0.00501824, -0.0413775, 0.0400258, -0.000942405, -0.00501824, -0.0414135, 0.0436539, -0.00103704, -0.0048111, -0.0414135, 0.0436539, -0.00103704, -0.0048111, 0.0631171, 0.131762, 0.00140215, 0.0212619, 0.0631171, 0.131762, 0.00140215, 0.0212619)
reports[-1].CovMatrix = ['5.06739e-05','0.000245787','-0.000200702','3.00692e-07','1.22038e-07','-9.62202e-08','1.61968e-06','-3.03825e-06','-4.37891e-09','0','0','0','0.000245787','0.0034144','-0.00267238','4.32094e-06','-5.02693e-07','6.6016e-07','-5.74019e-06','9.39885e-06','4.29396e-08','0','0','0','-0.000200702','-0.00267238','0.00218645','-3.15412e-06','4.41542e-07','-5.18454e-07','4.70562e-06','-8.16644e-06','-2.88598e-08','0','0','0','3.00692e-07','4.32094e-06','-3.15412e-06','4.43946e-08','3.59835e-10','4.36896e-09','-2.53284e-08','-4.88241e-09','6.82008e-10','0','0','0','1.22038e-07','-5.02693e-07','4.41542e-07','3.59835e-10','1.60246e-08','-5.87372e-09','8.9742e-08','-2.83614e-07','9.14702e-10','0','0','0','-9.62202e-08','6.6016e-07','-5.18454e-07','4.36896e-09','-5.87372e-09','8.71158e-09','-1.16018e-07','1.69489e-07','9.10795e-10','0','0','0','1.61968e-06','-5.74019e-06','4.70562e-06','-2.53284e-08','8.9742e-08','-1.16018e-07','1.62801e-05','-2.45016e-06','-1.08094e-08','0','0','0','-3.03825e-06','9.39885e-06','-8.16644e-06','-4.88241e-09','-2.83614e-07','1.69489e-07','-2.45016e-06','7.70152e-05','-3.53448e-09','0','0','0','-4.37891e-09','4.29396e-08','-2.88598e-08','6.82008e-10','9.14702e-10','9.10795e-10','-1.08094e-08','-3.53448e-09','8.1498e-09','0','0','0','0','0','0','0','0','0','0','0','0','0','0','0','0','0','0','0','0','0','0','0','0','0','0','0','0','0','0','0','0','0','0','0','0','0','0','0']

reports.append(Report(575176704, ("DT", -2, 1, 2), "MBwhAst1sec02"))
reports[-1].posNum = 104
reports[-1].negNum = 0
reports[-1].fittype = "6DOF"
reports[-1].add_parameters(ValErr(-0.0172252, 0.00437218, 0), \
                           ValErr(0.0346875, 0.0389727, 0), \
                           ValErr(-0.0106141, 0.029602, 0), \
                           ValErr(0.000103768, 0.000260293, 0), \
                           ValErr(0.000245534, 0.000111644, 0), \
                           ValErr(0.000108851, 6.59408e-05, 0), \
                           815.937, 104, 104, -nan)
reports[-1].sigmax = ValErr(0.0319124, 0.002228, 0)
reports[-1].sigmay = ValErr(0.174768, 0.0122381, 0)
reports[-1].sigmadxdz = ValErr(0.000994467, 6.92699e-05, 0)
reports[-1].sigmadydz = ValErr(0, 0, 0)
reports[-1].add_stats(-0.00218722, 0.031293, 0.000604159, -0.00412992, -0.0159644, 0.0203279, 0.000433762, -0.00212861, -0.0159644, 0.0203279, 0.000433762, -0.00212861, -0.0158356, 0.0158863, 0.000556357, -0.00181003, -0.0158356, 0.0158863, 0.000556357, -0.00181003, 0.0317333, 0.174444, 0.00099087, 0.0277211, 0.0317333, 0.174444, 0.00099087, 0.0277211)
reports[-1].CovMatrix = ['1.9116e-05','7.14798e-05','-6.36387e-05','-2.79119e-08','1.49556e-07','-1.35218e-07','-3.75802e-07','2.53221e-06','2.33946e-09','0','0','0','7.14798e-05','0.00151887','-0.0010094','1.41474e-06','-3.94671e-07','1.94653e-07','-1.51532e-07','-3.98314e-06','-3.10245e-08','0','0','0','-6.36387e-05','-0.0010094','0.000876276','5.34632e-07','2.5226e-07','-4.54792e-09','1.46959e-06','-6.12798e-06','1.13863e-08','0','0','0','-2.79119e-08','1.41474e-06','5.34632e-07','6.77526e-08','6.6205e-10','4.39688e-09','4.9689e-08','-3.38637e-07','-4.28803e-10','0','0','0','1.49556e-07','-3.94671e-07','2.5226e-07','6.6205e-10','1.24645e-08','-3.99071e-09','-4.68248e-10','1.11693e-07','6.13279e-10','0','0','0','-1.35218e-07','1.94653e-07','-4.54792e-09','4.39688e-09','-3.99071e-09','4.34819e-09','1.26586e-08','-7.86986e-08','-5.68353e-11','0','0','0','-3.75802e-07','-1.51532e-07','1.46959e-06','4.9689e-08','-4.68248e-10','1.26586e-08','4.964e-06','-3.27705e-07','2.03991e-10','0','0','0','2.53221e-06','-3.98314e-06','-6.12798e-06','-3.38637e-07','1.11693e-07','-7.86986e-08','-3.27705e-07','0.000149776','6.63502e-09','0','0','0','2.33946e-09','-3.10245e-08','1.13863e-08','-4.28803e-10','6.13279e-10','-5.68353e-11','2.03991e-10','6.63502e-09','4.7984e-09','0','0','0','0','0','0','0','0','0','0','0','0','0','0','0','0','0','0','0','0','0','0','0','0','0','0','0','0','0','0','0','0','0','0','0','0','0','0','0']

reports.append(Report(575438848, ("DT", -2, 1, 3), "MBwhAst1sec03"))
reports[-1].posNum = 102
reports[-1].negNum = 0
reports[-1].fittype = "6DOF"
reports[-1].add_parameters(ValErr(-0.0119939, 0.00412752, 0), \
                           ValErr(0.00973894, 0.0396396, 0), \
                           ValErr(0.0545946, 0.0286119, 0), \
                           ValErr(1.21901e-05, 0.000207452, 0), \
                           ValErr(0.000607082, 7.717e-05, 0), \
                           ValErr(-0.000122196, 5.70686e-05, 0), \
                           874.239, 102, 102, -nan)
reports[-1].sigmax = ValErr(0.0300151, 0.00211629, 0)
reports[-1].sigmay = ValErr(0.188386, 0.0134159, 0)
reports[-1].sigmadxdz = ValErr(0.000474907, 3.34134e-05, 0)
reports[-1].sigmadydz = ValErr(0, 0, 0)
reports[-1].add_stats(-0.00102132, 0.0471277, 0.000458599, -0.00614196, -0.0104996, 0.0726096, 0.000491719, -0.0106342, -0.0104996, 0.0726096, 0.000491719, -0.0106342, -0.00760766, 0.110465, 0.000494909, -0.0148031, -0.00760766, 0.110465, 0.000494909, -0.0148031, 0.0307487, 0.183551, 0.000477275, 0.0298375, 0.0307487, 0.183551, 0.000477275, 0.0298375)
reports[-1].CovMatrix = ['1.70364e-05','9.72684e-05','-7.91601e-05','1.3418e-07','1.09007e-08','6.70122e-09','-9.55985e-08','2.36055e-07','1.18617e-09','0','0','0','9.72684e-05','0.00157129','-0.00100054','1.25741e-06','-4.70659e-07','4.59272e-07','-2.333e-07','-6.60028e-06','2.25441e-08','0','0','0','-7.91601e-05','-0.00100054','0.000818641','-9.85007e-07','4.24921e-07','-3.97603e-07','1.37188e-07','6.19154e-06','-1.88281e-08','0','0','0','1.3418e-07','1.25741e-06','-9.85007e-07','4.30365e-08','-1.56521e-10','4.27031e-09','3.14127e-08','-3.7586e-07','4.70619e-10','0','0','0','1.09007e-08','-4.70659e-07','4.24921e-07','-1.56521e-10','5.95521e-09','-3.32829e-09','-9.49444e-09','1.21712e-07','-1.54844e-10','0','0','0','6.70122e-09','4.59272e-07','-3.97603e-07','4.27031e-09','-3.32829e-09','3.25683e-09','1.28001e-08','-1.15006e-07','8.98632e-11','0','0','0','-9.55985e-08','-2.333e-07','1.37188e-07','3.14127e-08','-9.49444e-09','1.28001e-08','4.47869e-06','-5.40158e-07','3.95225e-10','0','0','0','2.36055e-07','-6.60028e-06','6.19154e-06','-3.7586e-07','1.21712e-07','-1.15006e-07','-5.40158e-07','0.000179993','-6.74833e-09','0','0','0','1.18617e-09','2.25441e-08','-1.88281e-08','4.70619e-10','-1.54844e-10','8.98632e-11','3.95225e-10','-6.74833e-09','1.11647e-09','0','0','0','0','0','0','0','0','0','0','0','0','0','0','0','0','0','0','0','0','0','0','0','0','0','0','0','0','0','0','0','0','0','0','0','0','0','0','0']

reports.append(Report(575700992, ("DT", -2, 1, 4), "MBwhAst1sec04"))
reports[-1].posNum = 104
reports[-1].negNum = 0
reports[-1].fittype = "6DOF"
reports[-1].add_parameters(ValErr(-0.00362131, 0.00205864, 0), \
                           ValErr(0.147045, 0.020242, 0), \
                           ValErr(0.00526304, 0.0134464, 0), \
                           ValErr(5.09037e-05, 0.000149733, 0), \
                           ValErr(-0.000273542, 4.86918e-05, 0), \
                           ValErr(-4.51607e-05, 3.37138e-05, 0), \
                           1036.59, 104, 104, -nan)
reports[-1].sigmax = ValErr(0.0143178, 0.000999147, 0)
reports[-1].sigmay = ValErr(0.126362, 0.00876723, 0)
reports[-1].sigmadxdz = ValErr(0.000367352, 2.5571e-05, 0)
reports[-1].sigmadydz = ValErr(0, 0, 0)
reports[-1].add_stats(-0.000676172, 0.150393, -0.000333319, -0.0219116, -0.00279064, 0.153328, -0.000342456, -0.0226261, -0.00279064, 0.153328, -0.000342456, -0.0226261, -0.00451741, 0.169353, -0.000427932, -0.0261618, -0.00451741, 0.169353, -0.000427932, -0.0261618, 0.014589, 0.126589, 0.000367756, 0.0215292, 0.014589, 0.126589, 0.000367756, 0.0215292)
reports[-1].CovMatrix = ['4.238e-06','1.98323e-05','-1.67005e-05','-1.38158e-08','2.50579e-08','-2.2252e-08','-1.7687e-08','-8.12443e-08','7.59218e-10','0','0','0','1.98323e-05','0.000409738','-0.000211069','2.43922e-07','-9.74142e-08','6.99289e-08','1.88439e-07','3.78899e-07','-5.15309e-09','0','0','0','-1.67005e-05','-0.000211069','0.000180805','1.88839e-07','9.75725e-08','-2.79058e-08','1.33192e-07','-8.79997e-07','-8.64073e-10','0','0','0','-1.38158e-08','2.43922e-07','1.88839e-07','2.242e-08','1.77316e-10','2.1628e-09','1.67819e-08','-3.7091e-08','-3.09511e-10','0','0','0','2.50579e-08','-9.74142e-08','9.75725e-08','1.77316e-10','2.37089e-09','-1.02505e-09','-3.95496e-10','-9.43933e-09','3.9327e-11','0','0','0','-2.2252e-08','6.99289e-08','-2.79058e-08','2.1628e-09','-1.02505e-09','1.13662e-09','1.96757e-09','1.67392e-09','-5.41805e-11','0','0','0','-1.7687e-08','1.88439e-07','1.33192e-07','1.67819e-08','-3.95496e-10','1.96757e-09','9.98296e-07','-2.54352e-08','-2.42463e-10','0','0','0','-8.12443e-08','3.78899e-07','-8.79997e-07','-3.7091e-08','-9.43933e-09','1.67392e-09','-2.54352e-08','7.68659e-05','3.35225e-10','0','0','0','7.59218e-10','-5.15309e-09','-8.64073e-10','-3.09511e-10','3.9327e-11','-5.41805e-11','-2.42463e-10','3.35225e-10','6.53877e-10','0','0','0','0','0','0','0','0','0','0','0','0','0','0','0','0','0','0','0','0','0','0','0','0','0','0','0','0','0','0','0','0','0','0','0','0','0','0','0']

reports.append(Report(575963136, ("DT", -2, 1, 5), "MBwhAst1sec05"))
reports[-1].posNum = 0
reports[-1].negNum = 0
reports[-1].status = "TOOFEWHITS"

reports.append(Report(576225280, ("DT", -2, 1, 6), "MBwhAst1sec06"))
reports[-1].posNum = 103
reports[-1].negNum = 0
reports[-1].fittype = "6DOF"
reports[-1].add_parameters(ValErr(0.00617035, 0.00216702, 0), \
                           ValErr(0.132101, 0.0216852, 0), \
                           ValErr(-0.0734072, 0.0143547, 0), \
                           ValErr(0.0002444, 0.000153972, 0), \
                           ValErr(-0.00107203, 5.14696e-05, 0), \
                           ValErr(-2.17552e-05, 3.20282e-05, 0), \
                           998.573, 103, 103, -nan)
reports[-1].sigmax = ValErr(0.0151076, 0.00108054, 0)
reports[-1].sigmay = ValErr(0.139857, 0.00981753, 0)
reports[-1].sigmadxdz = ValErr(0.000413058, 2.93997e-05, 0)
reports[-1].sigmadydz = ValErr(0, 0, 0)
reports[-1].add_stats(-0.00189332, 0.0450286, -0.00115095, -0.00872135, 0.00314297, 0.0438885, -0.00119106, -0.00763187, 0.00314297, 0.0438885, -0.00119106, -0.00763187, 0.00628214, 0.0521288, -0.00115413, -0.00912625, 0.00628214, 0.0521288, -0.00115413, -0.00912625, 0.0152499, 0.127008, 0.000406996, 0.0205704, 0.0152499, 0.127008, 0.000406996, 0.0205704)
reports[-1].CovMatrix = ['4.69599e-06','2.45759e-05','-2.05937e-05','1.88102e-08','1.93647e-08','-1.13816e-08','-1.58125e-07','-2.31109e-07','3.15758e-09','0','0','0','2.45759e-05','0.000470248','-0.000238989','-1.75132e-08','-4.31239e-08','4.42306e-08','-3.7243e-06','6.09228e-07','-3.2199e-09','0','0','0','-2.05937e-05','-0.000238989','0.000206057','1.58412e-07','7.22948e-08','-3.5894e-08','2.52521e-06','-3.52923e-06','8.21322e-10','0','0','0','1.88102e-08','-1.75132e-08','1.58412e-07','2.37074e-08','1.45574e-09','1.5788e-09','-2.9849e-08','-1.25704e-07','3.90253e-10','0','0','0','1.93647e-08','-4.31239e-08','7.22948e-08','1.45574e-09','2.64912e-09','-8.82978e-10','5.14982e-09','-6.0227e-08','2.56813e-10','0','0','0','-1.13816e-08','4.42306e-08','-3.5894e-08','1.5788e-09','-8.82978e-10','1.0258e-09','-8.93294e-09','2.81532e-08','2.0507e-11','0','0','0','-1.58125e-07','-3.7243e-06','2.52521e-06','-2.9849e-08','5.14982e-09','-8.93294e-09','1.16757e-06','-9.4966e-07','-3.80937e-09','0','0','0','-2.31109e-07','6.09228e-07','-3.52923e-06','-1.25704e-07','-6.0227e-08','2.81532e-08','-9.4966e-07','9.63862e-05','-5.74153e-09','0','0','0','3.15758e-09','-3.2199e-09','8.21322e-10','3.90253e-10','2.56813e-10','2.0507e-11','-3.80937e-09','-5.74153e-09','8.64348e-10','0','0','0','0','0','0','0','0','0','0','0','0','0','0','0','0','0','0','0','0','0','0','0','0','0','0','0','0','0','0','0','0','0','0','0','0','0','0','0']

reports.append(Report(576487424, ("DT", -2, 1, 7), "MBwhAst1sec07"))
reports[-1].posNum = 96
reports[-1].negNum = 0
reports[-1].fittype = "6DOF"
reports[-1].add_parameters(ValErr(-0.00414567, 0.00562033, 0), \
                           ValErr(0.0865081, 0.0484264, 0), \
                           ValErr(-0.0280348, 0.0384044, 0), \
                           ValErr(-0.000353603, 0.00017945, 0), \
                           ValErr(-0.000247797, 9.62209e-05, 0), \
                           ValErr(0.000106025, 8.00698e-05, 0), \
                           857.45, 96, 96, -nan)
reports[-1].sigmax = ValErr(0.0435449, 0.00316696, 0)
reports[-1].sigmay = ValErr(0.13835, 0.0100519, 0)
reports[-1].sigmadxdz = ValErr(0.000310734, 2.25498e-05, 0)
reports[-1].sigmadydz = ValErr(0, 0, 0)
reports[-1].add_stats(0.00215673, 0.0427523, -6.79653e-05, -0.00684089, -0.00289131, 0.0577264, -9.39576e-05, -0.00967551, -0.00289131, 0.0577264, -9.39576e-05, -0.00967551, -0.00819409, 0.0440349, -0.000108319, -0.00775131, -0.00819409, 0.0440349, -0.000108319, -0.00775131, 0.0446791, 0.137791, 0.000315287, 0.0222839, 0.0446791, 0.137791, 0.000315287, 0.0222839)
reports[-1].CovMatrix = ['3.15881e-05','0.00013574','-0.000113011','5.30337e-08','1.36915e-07','-1.13354e-07','2.14775e-07','4.1515e-09','1.32025e-09','0','0','0','0.00013574','0.00234511','-0.00177539','9.08055e-07','-4.71373e-07','4.54582e-07','-7.135e-06','1.60784e-05','-1.63232e-08','0','0','0','-0.000113011','-0.00177539','0.0014749','-3.21707e-07','3.74701e-07','-3.2858e-07','5.86753e-06','-1.52085e-05','8.42876e-09','0','0','0','5.30337e-08','9.08055e-07','-3.21707e-07','3.22023e-08','1.16442e-09','1.666e-09','3.66755e-09','-1.61717e-07','-3.50299e-10','0','0','0','1.36915e-07','-4.71373e-07','3.74701e-07','1.16442e-09','9.25846e-09','-7.16967e-09','3.4565e-08','-6.47542e-08','9.9714e-11','0','0','0','-1.13354e-07','4.54582e-07','-3.2858e-07','1.666e-09','-7.16967e-09','6.41117e-09','-2.95904e-08','3.98362e-08','-1.22368e-10','0','0','0','2.14775e-07','-7.135e-06','5.86753e-06','3.66755e-09','3.4565e-08','-2.95904e-08','1.00297e-05','-2.90484e-07','4.48137e-10','0','0','0','4.1515e-09','1.60784e-05','-1.52085e-05','-1.61717e-07','-6.47542e-08','3.98362e-08','-2.90484e-07','0.000101044','9.91827e-10','0','0','0','1.32025e-09','-1.63232e-08','8.42876e-09','-3.50299e-10','9.9714e-11','-1.22368e-10','4.48137e-10','9.91827e-10','5.08496e-10','0','0','0','0','0','0','0','0','0','0','0','0','0','0','0','0','0','0','0','0','0','0','0','0','0','0','0','0','0','0','0','0','0','0','0','0','0','0','0']

reports.append(Report(576749568, ("DT", -2, 1, 8), "MBwhAst1sec08"))
reports[-1].posNum = 130
reports[-1].negNum = 0
reports[-1].fittype = "6DOF"
reports[-1].add_parameters(ValErr(-0.0126835, 0.00341263, 0), \
                           ValErr(0.0816334, 0.0325895, 0), \
                           ValErr(0.0425284, 0.0247982, 0), \
                           ValErr(-0.000149694, 0.000224194, 0), \
                           ValErr(-2.74263e-05, 0.00010139, 0), \
                           ValErr(-7.57913e-05, 6.1854e-05, 0), \
                           1046.32, 130, 130, -nan)
reports[-1].sigmax = ValErr(0.0301526, 0.0018757, 0)
reports[-1].sigmay = ValErr(0.137592, 0.00858697, 0)
reports[-1].sigmadxdz = ValErr(0.00109118, 6.79197e-05, 0)
reports[-1].sigmadydz = ValErr(0, 0, 0)
reports[-1].add_stats(-0.0024519, 0.132773, 0.000116347, -0.0158576, -0.0101228, 0.134966, -6.76634e-05, -0.0154773, -0.0101228, 0.134966, -6.76634e-05, -0.0154773, -0.0127518, 0.125649, -7.96174e-05, -0.0137994, -0.0127518, 0.125649, -7.96174e-05, -0.0137994, 0.0308057, 0.137154, 0.00109189, 0.022885, 0.0308057, 0.137154, 0.00109189, 0.022885)
reports[-1].CovMatrix = ['1.1646e-05','5.53988e-05','-4.63138e-05','2.76483e-08','6.44051e-08','-5.33933e-08','-1.31727e-07','4.22841e-07','1.7591e-09','0','0','0','5.53988e-05','0.00106207','-0.000746848','1.09499e-06','-3.81464e-07','2.05974e-07','-1.26909e-07','-2.607e-06','2.82098e-08','0','0','0','-4.63138e-05','-0.000746848','0.000614951','-3.58698e-07','2.53212e-07','-9.57991e-08','3.35574e-07','-1.22148e-07','-1.22378e-08','0','0','0','2.76483e-08','1.09499e-06','-3.58698e-07','5.02628e-08','4.13676e-10','3.91054e-09','1.6358e-08','-1.93594e-07','9.80304e-10','0','0','0','6.44051e-08','-3.81464e-07','2.53212e-07','4.13676e-10','1.028e-08','-3.12731e-09','-3.39346e-09','3.83351e-08','-1.73571e-10','0','0','0','-5.33933e-08','2.05974e-07','-9.57991e-08','3.91054e-09','-3.12731e-09','3.82591e-09','8.43389e-09','-3.34525e-08','-3.55302e-11','0','0','0','-1.31727e-07','-1.26909e-07','3.35574e-07','1.6358e-08','-3.39346e-09','8.43389e-09','3.51827e-06','-9.33813e-08','-1.80435e-11','0','0','0','4.22841e-07','-2.607e-06','-1.22148e-07','-1.93594e-07','3.83351e-08','-3.34525e-08','-9.33813e-08','7.37373e-05','-4.07955e-09','0','0','0','1.7591e-09','2.82098e-08','-1.22378e-08','9.80304e-10','-1.73571e-10','-3.55302e-11','-1.80435e-11','-4.07955e-09','4.61315e-09','0','0','0','0','0','0','0','0','0','0','0','0','0','0','0','0','0','0','0','0','0','0','0','0','0','0','0','0','0','0','0','0','0','0','0','0','0','0','0']

reports.append(Report(577011712, ("DT", -2, 1, 9), "MBwhAst1sec09"))
reports[-1].posNum = 61
reports[-1].negNum = 0
reports[-1].fittype = "6DOF"
reports[-1].add_parameters(ValErr(-0.00219013, 0.00475391, 0), \
                           ValErr(0.121031, 0.0419137, 0), \
                           ValErr(-0.0258518, 0.0295213, 0), \
                           ValErr(0.000257508, 0.000244787, 0), \
                           ValErr(-6.60039e-05, 7.76597e-05, 0), \
                           ValErr(-6.68576e-05, 5.8325e-05, 0), \
                           565.01, 61, 61, -nan)
reports[-1].sigmax = ValErr(0.0196978, 0.00182042, 0)
reports[-1].sigmay = ValErr(0.159278, 0.0146487, 0)
reports[-1].sigmadxdz = ValErr(0.000428623, 4.10463e-05, 0)
reports[-1].sigmadydz = ValErr(0, 0, 0)
reports[-1].add_stats(-0.00110006, 0.087857, -0.000111829, -0.0141642, -0.00521003, 0.0905184, -0.000185774, -0.0152043, -0.00521003, 0.0905184, -0.000185774, -0.0152043, -0.0111423, 0.0834652, -0.000175185, -0.0151386, -0.0111423, 0.0834652, -0.000175185, -0.0151386, 0.0208006, 0.161741, 0.000420443, 0.0257135, 0.0208006, 0.161741, 0.000420443, 0.0257135)
reports[-1].CovMatrix = ['2.25997e-05','0.000143965','-0.000117504','4.61045e-08','3.79282e-08','-2.95826e-08','-6.19357e-07','8.42903e-07','1.55617e-08','0','0','0','0.000143965','0.00175676','-0.00107037','4.84816e-07','1.94646e-07','-2.13605e-07','-2.44425e-06','-1.45519e-05','1.10586e-07','0','0','0','-0.000117504','-0.00107037','0.000871509','-7.36626e-07','7.29626e-09','3.0313e-08','2.61955e-06','9.06402e-06','-1.03497e-07','0','0','0','4.61045e-08','4.84816e-07','-7.36626e-07','5.99205e-08','2.08096e-10','8.03835e-09','1.19419e-08','-5.53847e-07','1.13799e-09','0','0','0','3.79282e-08','1.94646e-07','7.29626e-09','2.08096e-10','6.03104e-09','-2.70066e-09','-1.02256e-08','6.16156e-08','3.56171e-11','0','0','0','-2.95826e-08','-2.13605e-07','3.0313e-08','8.03835e-09','-2.70066e-09','3.4018e-09','1.02197e-08','-1.1175e-07','6.72126e-11','0','0','0','-6.19357e-07','-2.44425e-06','2.61955e-06','1.19419e-08','-1.02256e-08','1.02197e-08','3.31395e-06','-7.41061e-07','-1.76305e-09','0','0','0','8.42903e-07','-1.45519e-05','9.06402e-06','-5.53847e-07','6.16156e-08','-1.1175e-07','-7.41061e-07','0.000214595','-2.09218e-08','0','0','0','1.55617e-08','1.10586e-07','-1.03497e-07','1.13799e-09','3.56171e-11','6.72126e-11','-1.76305e-09','-2.09218e-08','1.68482e-09','0','0','0','0','0','0','0','0','0','0','0','0','0','0','0','0','0','0','0','0','0','0','0','0','0','0','0','0','0','0','0','0','0','0','0','0','0','0','0']

reports.append(Report(577273856, ("DT", -2, 1, 10), "MBwhAst1sec10"))
reports[-1].posNum = 60
reports[-1].negNum = 0
reports[-1].fittype = "6DOF"
reports[-1].add_parameters(ValErr(0.00190791, 0.000794903, 0), \
                           ValErr(0.158453, 0.0212807, 0), \
                           ValErr(-0.0353176, 0.00621951, 0), \
                           ValErr(7.20848e-05, 0.000133073, 0), \
                           ValErr(-0.000396622, 6.93266e-05, 0), \
                           ValErr(-1.76571e-05, 1.82119e-05, 0), \
                           617.622, 60, 60, -nan)
reports[-1].sigmax = ValErr(0.00481181, 0.000462963, 0)
reports[-1].sigmay = ValErr(0.166669, 0.0151748, 0)
reports[-1].sigmadxdz = ValErr(0.0005979, 5.63968e-05, 0)
reports[-1].sigmadydz = ValErr(0, 0, 0)
reports[-1].add_stats(0.000787921, 0.130848, -0.000486388, -0.0179066, 0.000477777, 0.112738, -0.000568126, -0.0161497, 0.000477777, 0.112738, -0.000568126, -0.0161497, 0.000501282, 0.125514, -0.000697759, -0.0187908, 0.000501282, 0.125514, -0.000697759, -0.0187908, 0.00546953, 0.166705, 0.000581006, 0.0260014, 0.00546953, 0.166705, 0.000581006, 0.0260014)
reports[-1].CovMatrix = ['6.31871e-07','2.23167e-06','-2.26661e-06','2.01063e-08','6.39743e-09','2.24361e-09','-2.63923e-08','1.49576e-08','1.0289e-09','0','0','0','2.23167e-06','0.000452869','-3.78696e-05','9.0429e-08','-2.16749e-07','5.10968e-08','-4.46122e-08','7.32609e-06','-8.17659e-08','0','0','0','-2.26661e-06','-3.78696e-05','3.86823e-05','2.2761e-08','1.53423e-07','-3.20832e-08','-1.36585e-07','-1.39255e-06','3.48622e-08','0','0','0','2.01063e-08','9.0429e-08','2.2761e-08','1.77083e-08','-2.00771e-09','1.40902e-09','-7.60277e-10','-1.19401e-07','-3.42422e-10','0','0','0','6.39743e-09','-2.16749e-07','1.53423e-07','-2.00771e-09','4.80618e-09','-2.98901e-10','-7.58623e-09','2.73489e-08','1.04971e-09','0','0','0','2.24361e-09','5.10968e-08','-3.20832e-08','1.40902e-09','-2.98901e-10','3.31673e-10','-4.27967e-10','-1.02333e-08','-1.04709e-11','0','0','0','-2.63923e-08','-4.46122e-08','-1.36585e-07','-7.60277e-10','-7.58623e-09','-4.27967e-10','2.14336e-07','1.25191e-08','-1.70549e-09','0','0','0','1.49576e-08','7.32609e-06','-1.39255e-06','-1.19401e-07','2.73489e-08','-1.02333e-08','1.25191e-08','0.000230287','1.28474e-08','0','0','0','1.0289e-09','-8.17659e-08','3.48622e-08','-3.42422e-10','1.04971e-09','-1.04709e-11','-1.70549e-09','1.28474e-08','3.18066e-09','0','0','0','0','0','0','0','0','0','0','0','0','0','0','0','0','0','0','0','0','0','0','0','0','0','0','0','0','0','0','0','0','0','0','0','0','0','0','0']

reports.append(Report(577536000, ("DT", -2, 1, 11), "MBwhAst1sec11"))
reports[-1].posNum = 114
reports[-1].negNum = 0
reports[-1].fittype = "6DOF"
reports[-1].add_parameters(ValErr(0.0124448, 0.00624225, 0), \
                           ValErr(0.236894, 0.0506595, 0), \
                           ValErr(-0.119432, 0.0398205, 0), \
                           ValErr(0.00019387, 0.000221254, 0), \
                           ValErr(-0.00140864, 0.000121515, 0), \
                           ValErr(-0.000116667, 7.5966e-05, 0), \
                           870.706, 114, 114, -nan)
reports[-1].sigmax = ValErr(0.04212, 0.00293819, 0)
reports[-1].sigmay = ValErr(0.14974, 0.010414, 0)
reports[-1].sigmadxdz = ValErr(0.00108251, 7.37908e-05, 0)
reports[-1].sigmadydz = ValErr(0, 0, 0)
reports[-1].add_stats(-0.000965739, 0.106038, -0.00149341, -0.0130287, 0.00419475, 0.10961, -0.00174137, -0.0155656, 0.00419475, 0.10961, -0.00174137, -0.0155656, 0.00408056, 0.0905848, -0.00175847, -0.0136964, 0.00408056, 0.0905848, -0.00175847, -0.0136964, 0.0416872, 0.141634, 0.00106947, 0.0223537, 0.0416872, 0.141634, 0.00106947, 0.0223537)
reports[-1].CovMatrix = ['3.89656e-05','0.000227962','-0.000185424','1.70345e-07','8.88584e-08','-7.77689e-08','-1.65334e-07','-2.17164e-06','-9.41162e-09','0','0','0','0.000227962','0.00256638','-0.00193479','2.32993e-06','-6.81476e-08','1.70316e-08','-1.92988e-06','-6.18076e-06','-1.36714e-08','0','0','0','-0.000185424','-0.00193479','0.00158568','-1.60842e-06','3.09796e-07','-8.20312e-08','3.7641e-06','-5.30249e-06','5.3653e-08','0','0','0','1.70345e-07','2.32993e-06','-1.60842e-06','4.89534e-08','3.37859e-09','4.15765e-09','4.97927e-08','-2.28415e-07','7.20778e-10','0','0','0','8.88584e-08','-6.81476e-08','3.09796e-07','3.37859e-09','1.47659e-08','-4.91588e-09','5.30107e-08','-3.45771e-07','1.34155e-09','0','0','0','-7.77689e-08','1.70316e-08','-8.20312e-08','4.15765e-09','-4.91588e-09','5.77083e-09','-3.94637e-08','1.35931e-07','2.37162e-10','0','0','0','-1.65334e-07','-1.92988e-06','3.7641e-06','4.97927e-08','5.30107e-08','-3.94637e-08','8.63304e-06','-1.43454e-06','5.69311e-09','0','0','0','-2.17164e-06','-6.18076e-06','-5.30249e-06','-2.28415e-07','-3.45771e-07','1.35931e-07','-1.43454e-06','0.000108453','-3.91184e-08','0','0','0','-9.41162e-09','-1.36714e-08','5.3653e-08','7.20778e-10','1.34155e-09','2.37162e-10','5.69311e-09','-3.91184e-08','5.44517e-09','0','0','0','0','0','0','0','0','0','0','0','0','0','0','0','0','0','0','0','0','0','0','0','0','0','0','0','0','0','0','0','0','0','0','0','0','0','0','0']

reports.append(Report(577798144, ("DT", -2, 1, 12), "MBwhAst1sec12"))
reports[-1].posNum = 112
reports[-1].negNum = 0
reports[-1].fittype = "6DOF"
reports[-1].add_parameters(ValErr(0.00910179, 0.00453204, 0), \
                           ValErr(0.110032, 0.0420866, 0), \
                           ValErr(-0.0313677, 0.0323585, 0), \
                           ValErr(0.000311545, 0.000207226, 0), \
                           ValErr(-0.00108127, 0.000111821, 0), \
                           ValErr(-0.000146019, 6.79879e-05, 0), \
                           885, 112, 112, -nan)
reports[-1].sigmax = ValErr(0.0368418, 0.00254992, 0)
reports[-1].sigmay = ValErr(0.147421, 0.0102839, 0)
reports[-1].sigmadxdz = ValErr(0.000965398, 7.21148e-05, 0)
reports[-1].sigmadydz = ValErr(0, 0, 0)
reports[-1].add_stats(4.80365e-06, 0.0739659, -0.00135134, -0.0108924, 0.00923201, 0.0649415, -0.00147299, -0.00961862, 0.00923201, 0.0649415, -0.00147299, -0.00961862, 0.00596146, 0.0695309, -0.00153544, -0.0112026, 0.00596146, 0.0695309, -0.00153544, -0.0112026, 0.0350034, 0.137796, 0.000943367, 0.0216623, 0.0350034, 0.137796, 0.000943367, 0.0216623)
reports[-1].CovMatrix = ['2.05394e-05','9.70922e-05','-8.40891e-05','1.04984e-07','1.87869e-08','-1.61447e-08','1.65271e-07','-2.01272e-06','-2.54067e-08','0','0','0','9.70922e-05','0.00177128','-0.00126916','1.91826e-06','-7.1076e-07','5.72208e-07','-6.84873e-06','2.62841e-05','4.07464e-08','0','0','0','-8.40891e-05','-0.00126916','0.00104707','-1.17811e-06','6.77678e-07','-4.75055e-07','5.14575e-06','-1.69543e-05','1.19706e-07','0','0','0','1.04984e-07','1.91826e-06','-1.17811e-06','4.29428e-08','-6.27416e-10','3.75473e-09','-1.21904e-08','3.87825e-08','9.55276e-10','0','0','0','1.87869e-08','-7.1076e-07','6.77678e-07','-6.27416e-10','1.25039e-08','-4.51655e-09','3.0065e-08','-2.96463e-07','2.16596e-09','0','0','0','-1.61447e-08','5.72208e-07','-4.75055e-07','3.75473e-09','-4.51655e-09','4.62236e-09','-4.34628e-08','1.57863e-07','-2.35846e-10','0','0','0','1.65271e-07','-6.84873e-06','5.14575e-06','-1.21904e-08','3.0065e-08','-4.34628e-08','6.50215e-06','-1.35019e-06','-3.93264e-09','0','0','0','-2.01272e-06','2.62841e-05','-1.69543e-05','3.87825e-08','-2.96463e-07','1.57863e-07','-1.35019e-06','0.000105762','-1.91789e-08','0','0','0','-2.54067e-08','4.07464e-08','1.19706e-07','9.55276e-10','2.16596e-09','-2.35846e-10','-3.93264e-09','-1.91789e-08','5.20064e-09','0','0','0','0','0','0','0','0','0','0','0','0','0','0','0','0','0','0','0','0','0','0','0','0','0','0','0','0','0','0','0','0','0','0','0','0','0','0','0']

reports.append(Report(579108864, ("DT", -2, 2, 1), "MBwhAst2sec01"))
reports[-1].posNum = 136
reports[-1].negNum = 0
reports[-1].fittype = "6DOF"
reports[-1].add_parameters(ValErr(0.00102292, 0.000190289, 0), \
                           ValErr(0.0021876, 0.00807626, 0), \
                           ValErr(-0.00228665, 0.00144904, 0), \
                           ValErr(-1.21467e-05, 2.98495e-05, 0), \
                           ValErr(8.3336e-05, 2.28555e-05, 0), \
                           ValErr(-8.01324e-06, 3.61744e-06, 0), \
                           1616.85, 136, 136, -nan)
reports[-1].sigmax = ValErr(0.00177673, 9.84733e-05, 0)
reports[-1].sigmay = ValErr(0.140171, 0.00826274, 0)
reports[-1].sigmadxdz = ValErr(0.000390704, 2.48297e-05, 0)
reports[-1].sigmadydz = ValErr(0, 0, 0)
reports[-1].add_stats(0.000838286, -5.00142e-05, 0.000118677, 0.000347427, 0.000617312, 0.000382184, 0.00018439, 0.00132549, 0.000617312, 0.000382184, 0.00018439, 0.00132549, 0.000721674, 0.00367803, 0.000181889, 0.000788946, 0.000721674, 0.00367803, 0.000181889, 0.000788946, 0.00177805, 0.139842, 0.000375055, 0.0230947, 0.00177805, 0.139842, 0.000375055, 0.0230947)
reports[-1].CovMatrix = ['3.62098e-08','1.97266e-08','1.19901e-08','9.10146e-11','2.36367e-09','-1.03155e-10','-6.65127e-10','1.27296e-07','-6.85503e-10','0','0','0','1.97266e-08','6.52259e-05','-1.32636e-06','1.18295e-08','1.84729e-08','-2.37396e-09','1.27046e-07','2.4535e-06','-6.34934e-09','0','0','0','1.19901e-08','-1.32636e-06','2.09971e-06','5.99714e-09','-1.43599e-08','-5.19977e-10','-3.94877e-08','8.8382e-07','4.35515e-09','0','0','0','9.10146e-11','1.18295e-08','5.99714e-09','8.90991e-10','-1.19289e-10','-3.04444e-11','1.06702e-10','-7.73271e-09','5.65591e-11','0','0','0','2.36367e-09','1.84729e-08','-1.43599e-08','-1.19289e-10','5.22373e-10','-3.13754e-12','5.20049e-10','3.08502e-09','-1.64305e-10','0','0','0','-1.03155e-10','-2.37396e-09','-5.19977e-10','-3.04444e-11','-3.13754e-12','1.30859e-11','-5.68683e-12','1.10129e-09','-3.60824e-12','0','0','0','-6.65127e-10','1.27046e-07','-3.94877e-08','1.06702e-10','5.20049e-10','-5.68683e-12','9.69699e-09','9.11374e-08','-1.38942e-10','0','0','0','1.27296e-07','2.4535e-06','8.8382e-07','-7.73271e-09','3.08502e-09','1.10129e-09','9.11374e-08','6.8274e-05','2.48793e-10','0','0','0','-6.85503e-10','-6.34934e-09','4.35515e-09','5.65591e-11','-1.64305e-10','-3.60824e-12','-1.38942e-10','2.48793e-10','6.16518e-10','0','0','0','0','0','0','0','0','0','0','0','0','0','0','0','0','0','0','0','0','0','0','0','0','0','0','0','0','0','0','0','0','0','0','0','0','0','0','0']

reports.append(Report(579371008, ("DT", -2, 2, 2), "MBwhAst2sec02"))
reports[-1].posNum = 181
reports[-1].negNum = 0
reports[-1].fittype = "6DOF"
reports[-1].add_parameters(ValErr(0.00138617, 0.000747851, 0), \
                           ValErr(0.0151747, 0.0123191, 0), \
                           ValErr(-0.00360712, 0.00621353, 0), \
                           ValErr(7.86232e-05, 0.000106646, 0), \
                           ValErr(0.000403407, 3.58562e-05, 0), \
                           ValErr(4.33382e-05, 1.46864e-05, 0), \
                           1820.62, 181, 181, -nan)
reports[-1].sigmax = ValErr(0.00905825, 0.000479566, 0)
reports[-1].sigmay = ValErr(0.140995, 0.00741654, 0)
reports[-1].sigmadxdz = ValErr(0.000474894, 2.52262e-05, 0)
reports[-1].sigmadydz = ValErr(0, 0, 0)
reports[-1].add_stats(-8.05896e-05, 0.0119675, 0.000470888, -0.00234201, -0.000828339, 0.0119952, 0.000509979, -0.00156581, -0.000828339, 0.0119952, 0.000509979, -0.00156581, -0.000907364, 0.0115419, 0.000526374, -0.00128573, -0.000907364, 0.0115419, 0.000526374, -0.00128573, 0.00886324, 0.140238, 0.000470841, 0.0243891, 0.00886324, 0.140238, 0.000470841, 0.0243891)
reports[-1].CovMatrix = ['5.59282e-07','-1.62896e-06','1.55255e-06','2.11117e-09','6.82583e-09','-1.25439e-09','9.65367e-09','-5.15377e-08','-6.35359e-10','0','0','0','-1.62896e-06','0.000151761','-4.01364e-05','-4.06117e-08','1.39615e-08','4.61539e-09','2.03089e-08','-2.57294e-07','-1.76025e-09','0','0','0','1.55255e-06','-4.01364e-05','3.86079e-05','-7.03519e-09','-1.32789e-08','-2.79082e-09','-2.32272e-08','9.24296e-08','1.7592e-09','0','0','0','2.11117e-09','-4.06117e-08','-7.03519e-09','1.13733e-08','-2.33422e-10','-3.68723e-10','6.68885e-10','1.0082e-08','1.47102e-12','0','0','0','6.82583e-09','1.39615e-08','-1.32789e-08','-2.33422e-10','1.28567e-09','-1.74939e-10','1.70949e-09','-1.0126e-08','-1.22306e-10','0','0','0','-1.25439e-09','4.61539e-09','-2.79082e-09','-3.68723e-10','-1.74939e-10','2.1569e-10','1.48362e-10','2.28156e-09','1.22785e-13','0','0','0','9.65367e-09','2.03089e-08','-2.32272e-08','6.68885e-10','1.70949e-09','1.48362e-10','2.29984e-07','-9.95221e-09','-2.04755e-10','0','0','0','-5.15377e-08','-2.57294e-07','9.24296e-08','1.0082e-08','-1.0126e-08','2.28156e-09','-9.95221e-09','5.50059e-05','8.32193e-10','0','0','0','-6.35359e-10','-1.76025e-09','1.7592e-09','1.47102e-12','-1.22306e-10','1.22785e-13','-2.04755e-10','8.32193e-10','6.36366e-10','0','0','0','0','0','0','0','0','0','0','0','0','0','0','0','0','0','0','0','0','0','0','0','0','0','0','0','0','0','0','0','0','0','0','0','0','0','0','0']

reports.append(Report(579633152, ("DT", -2, 2, 3), "MBwhAst2sec03"))
reports[-1].posNum = 127
reports[-1].negNum = 0
reports[-1].fittype = "6DOF"
reports[-1].add_parameters(ValErr(0.00324604, 0.000530651, 0), \
                           ValErr(0.0345689, 0.0112966, 0), \
                           ValErr(-0.0042091, 0.00311634, 0), \
                           ValErr(2.91319e-06, 6.4054e-05, 0), \
                           ValErr(0.000259961, 6.37464e-05, 0), \
                           ValErr(1.21819e-05, 7.53867e-06, 0), \
                           1336.05, 127, 127, -nan)
reports[-1].sigmax = ValErr(0.00377059, 0.000284131, 0)
reports[-1].sigmay = ValErr(0.121927, 0.00770359, 0)
reports[-1].sigmadxdz = ValErr(0.00083165, 6.59109e-05, 0)
reports[-1].sigmadydz = ValErr(0, 0, 0)
reports[-1].add_stats(0.00189299, 0.0248246, 0.000686295, -0.00355437, 0.00214915, 0.0281194, 0.000807115, -0.00370113, 0.00214915, 0.0281194, 0.000807115, -0.00370113, 0.00193396, 0.023251, 0.000757618, -0.00263391, 0.00193396, 0.023251, 0.000757618, -0.00263391, 0.00350657, 0.119537, 0.000639528, 0.0198763, 0.00350657, 0.119537, 0.000639528, 0.0198763)
reports[-1].CovMatrix = ['2.8159e-07','8.13637e-08','9.91953e-08','-2.65025e-09','2.39986e-08','-1.57415e-09','5.54042e-08','-3.33481e-07','-1.43793e-08','0','0','0','8.13637e-08','0.000127612','-9.53123e-06','3.02359e-08','5.14857e-08','-2.45534e-09','1.26328e-07','-7.66481e-07','-3.21969e-08','0','0','0','9.91953e-08','-9.53123e-06','9.71157e-06','2.98568e-08','-2.69696e-08','-7.15116e-10','-6.16281e-08','5.03107e-07','1.72295e-08','0','0','0','-2.65025e-09','3.02359e-08','2.98568e-08','4.10291e-09','-7.44273e-10','-1.22146e-10','-1.41801e-09','2.34052e-08','4.74612e-10','0','0','0','2.39986e-08','5.14857e-08','-2.69696e-08','-7.44273e-10','4.06361e-09','-8.19327e-11','9.90612e-09','-5.55819e-08','-2.54959e-09','0','0','0','-1.57415e-09','-2.45534e-09','-7.15116e-10','-1.22146e-10','-8.19327e-11','5.68315e-11','-4.30317e-11','1.27444e-09','1.8109e-11','0','0','0','5.54042e-08','1.26328e-07','-6.16281e-08','-1.41801e-09','9.90612e-09','-4.30317e-11','8.07303e-08','-1.32092e-07','-6.32616e-09','0','0','0','-3.33481e-07','-7.66481e-07','5.03107e-07','2.34052e-08','-5.55819e-08','1.27444e-09','-1.32092e-07','5.93463e-05','3.44986e-08','0','0','0','-1.43793e-08','-3.21969e-08','1.72295e-08','4.74612e-10','-2.54959e-09','1.8109e-11','-6.32616e-09','3.44986e-08','4.34432e-09','0','0','0','0','0','0','0','0','0','0','0','0','0','0','0','0','0','0','0','0','0','0','0','0','0','0','0','0','0','0','0','0','0','0','0','0','0','0','0']

reports.append(Report(579895296, ("DT", -2, 2, 4), "MBwhAst2sec04"))
reports[-1].posNum = 123
reports[-1].negNum = 0
reports[-1].fittype = "6DOF"
reports[-1].add_parameters(ValErr(0.000712851, 0.000214883, 0), \
                           ValErr(0.0565857, 0.011886, 0), \
                           ValErr(0.00171137, 0.00151501, 0), \
                           ValErr(-1.60859e-06, 3.3816e-05, 0), \
                           ValErr(5.69748e-05, 2.35297e-05, 0), \
                           ValErr(-3.04831e-06, 4.08796e-06, 0), \
                           1439.26, 123, 123, -nan)
reports[-1].sigmax = ValErr(0.00175371, 0.000113659, 0)
reports[-1].sigmay = ValErr(0.130661, 0.00833629, 0)
reports[-1].sigmadxdz = ValErr(0.000512121, 3.33668e-05, 0)
reports[-1].sigmadydz = ValErr(0, 0, 0)
reports[-1].add_stats(0.000254395, 0.0373641, 0.000125728, -0.00430993, 0.000291279, 0.0582152, 0.000204832, -0.00833753, 0.000291279, 0.0582152, 0.000204832, -0.00833753, 0.000315146, 0.0620596, 0.000235743, -0.00848627, 0.000315146, 0.0620596, 0.000235743, -0.00848627, 0.00176401, 0.130049, 0.000489461, 0.0219684, 0.00176401, 0.130049, 0.000489461, 0.0219684)
