nan = None;  NAN = None
nan = 0
reports = []
class ValErr:
    def __init__(self, value, error, antisym):
        self.value, self.error, self.antisym = value, error, antisym

    def __repr__(self):
        if self.antisym == 0.:
            return "%g +- %g" % (self.value, self.error)
        else:
            return "%g +- %g ~ %g" % (self.value, self.error, self.antisym)

class Report:
    def __init__(self, chamberId, postal_address, name):
        self.chamberId, self.postal_address, self.name = chamberId, postal_address, name
        self.status = "NOFIT"
        self.fittype = None
        self.CovMatrix = None

    def add_parameters(self, deltax, deltay, deltaz, deltaphix, deltaphiy, deltaphiz, loglikelihood, numsegments, sumofweights, redchi2):
        self.status = "PASS"
        self.deltax, self.deltay, self.deltaz, self.deltaphix, self.deltaphiy, self.deltaphiz = deltax, deltay, deltaz, deltaphix, deltaphiy, deltaphiz
        self.loglikelihood, self.numsegments, self.sumofweights, self.redchi2 = loglikelihood, numsegments, sumofweights, redchi2

    def add_stats(self, median_x, median_y, median_dxdz, median_dydz, mean30_x, mean30_y, mean20_dxdz, mean50_dydz, mean15_x, mean15_y, mean10_dxdz, mean25_dydz, wmean30_x, wmean30_y, wmean20_dxdz, wmean50_dydz, wmean15_x, wmean15_y, wmean10_dxdz, wmean25_dydz, stdev30_x, stdev30_y, stdev20_dxdz, stdev50_dydz, stdev15_x, stdev15_y, stdev10_dxdz, stdev25_dydz):
        self.median_x, self.median_y, self.median_dxdz, self.median_dydz, self.mean30_x, self.mean30_y, self.mean20_dxdz, self.mean50_dydz, self.mean15_x, self.mean15_y, self.mean10_dxdz, self.mean25_dydz, self.wmean30_x, self.wmean30_y, self.wmean20_dxdz, self.wmean50_dydz, self.wmean15_x, self.wmean15_y, self.wmean10_dxdz, self.wmean25_dydz, self.stdev30_x, self.stdev30_y, self.stdev20_dxdz, self.stdev50_dydz, self.stdev15_x, self.stdev15_y, self.stdev10_dxdz, self.stdev25_dydz = median_x, median_y, median_dxdz, median_dydz, mean30_x, mean30_y, mean20_dxdz, mean50_dydz, mean15_x, mean15_y, mean10_dxdz, mean25_dydz, wmean30_x, wmean30_y, wmean20_dxdz, wmean50_dydz, wmean15_x, wmean15_y, wmean10_dxdz, wmean25_dydz, stdev30_x, stdev30_y, stdev20_dxdz, stdev50_dydz, stdev15_x, stdev15_y, stdev10_dxdz, stdev25_dydz

    def __repr__(self):
        return "<Report %s %s %s>" % (self.postal_address[0], " ".join(map(str, self.postal_address[1:])), self.status)

reports.append(Report(574914560, ("DT", -2, 1, 1), "MBwhAst1sec01"))
reports[-1].posNum = 4084
reports[-1].negNum = 0
reports[-1].fittype = "6DOF"
reports[-1].add_parameters(ValErr(-0.00020771, 0.000602105, 0), \
                           ValErr(0.0994283, 0.00510479, 0), \
                           ValErr(-0.0064315, 0.00395216, 0), \
                           ValErr(0.00018011, 2.7521e-05, 0), \
                           ValErr(-7.96117e-05, 1.32084e-05, 0), \
                           ValErr(7.64287e-05, 8.61834e-06, 0), \
                           35596.5, 4084, 4084, -nan)
reports[-1].sigmax = ValErr(0.028445, 0.00031593, 0)
reports[-1].sigmay = ValErr(0.111205, 0.00123678, 0)
reports[-1].sigmadxdz = ValErr(0.000734195, 8.13752e-06, 0)
reports[-1].sigmadydz = ValErr(0, 0, 0)
reports[-1].add_stats(0.00101662, 0.0972126, 1.63185e-05, -0.0151931, 0.000531748, 0.0897601, 2.07629e-05, -0.0140998, 0.000531748, 0.0897601, 2.07629e-05, -0.0140998, 0.000577649, 0.0913189, 1.25461e-05, -0.0144041, 0.000577649, 0.0913189, 1.25461e-05, -0.0144041, 0.0283768, 0.113078, 0.000732779, 0.017723, 0.0283768, 0.113078, 0.000732779, 0.017723)
reports[-1].CovMatrix = ['3.62531e-07','1.76765e-06','-1.45349e-06','1.14426e-09','1.49091e-09','-1.24598e-09','-4.104e-09','1.63775e-08','6.14593e-12','0','0','0','1.76765e-06','2.60588e-05','-1.89169e-05','2.41176e-08','-3.63768e-09','1.83701e-09','1.60672e-09','-4.41172e-08','3.12328e-10','0','0','0','-1.45349e-06','-1.89169e-05','1.56196e-05','-1.21408e-08','3.73833e-09','-1.15913e-09','-8.53178e-10','3.34162e-08','-2.27484e-10','0','0','0','1.14426e-09','2.41176e-08','-1.21408e-08','7.57404e-10','2.3317e-11','5.86491e-11','1.21676e-10','-9.81699e-10','3.90833e-12','0','0','0','1.49091e-09','-3.63768e-09','3.73833e-09','2.3317e-11','1.74461e-10','-6.40996e-11','-2.0857e-10','1.47325e-09','-4.20364e-12','0','0','0','-1.24598e-09','1.83701e-09','-1.15913e-09','5.86491e-11','-6.40996e-11','7.42758e-11','2.35409e-10','-8.89961e-10','-1.42333e-13','0','0','0','-4.104e-09','1.60672e-09','-8.53178e-10','1.21676e-10','-2.0857e-10','2.35409e-10','9.9812e-08','-2.78835e-09','-8.67866e-13','0','0','0','1.63775e-08','-4.41172e-08','3.34162e-08','-9.81699e-10','1.47325e-09','-8.89961e-10','-2.78835e-09','1.52963e-06','-3.11263e-11','0','0','0','6.14593e-12','3.12328e-10','-2.27484e-10','3.90833e-12','-4.20364e-12','-1.42333e-13','-8.67866e-13','-3.11263e-11','6.62193e-11','0','0','0','0','0','0','0','0','0','0','0','0','0','0','0','0','0','0','0','0','0','0','0','0','0','0','0','0','0','0','0','0','0','0','0','0','0','0','0']

reports.append(Report(575176704, ("DT", -2, 1, 2), "MBwhAst1sec02"))
reports[-1].posNum = 2772
reports[-1].negNum = 0
reports[-1].fittype = "6DOF"
reports[-1].add_parameters(ValErr(-0.00431261, 0.000741971, 0), \
                           ValErr(0.0994121, 0.00645541, 0), \
                           ValErr(-0.00953597, 0.0050164, 0), \
                           ValErr(0.000258837, 3.48082e-05, 0), \
                           ValErr(-0.000149902, 1.67006e-05, 0), \
                           ValErr(7.42278e-05, 1.08928e-05, 0), \
                           23788, 2772, 2772, -nan)
reports[-1].sigmax = ValErr(0.0299374, 0.000403008, 0)
reports[-1].sigmay = ValErr(0.115724, 0.00156005, 0)
reports[-1].sigmadxdz = ValErr(0.000766897, 1.03138e-05, 0)
reports[-1].sigmadydz = ValErr(0, 0, 0)
reports[-1].add_stats(-0.00168705, 0.0829477, -2.62811e-05, -0.0133338, -0.00321675, 0.0815928, -6.51515e-05, -0.0128766, -0.00321675, 0.0815928, -6.51515e-05, -0.0128766, -0.00349276, 0.0781223, -6.00989e-05, -0.0124208, -0.00349276, 0.0781223, -6.00989e-05, -0.0124208, 0.0299223, 0.118594, 0.000764857, 0.0187439, 0.0299223, 0.118594, 0.000764857, 0.0187439)
reports[-1].CovMatrix = ['5.50521e-07','2.30888e-06','-1.94768e-06','1.19309e-09','2.97505e-09','-2.6721e-09','-7.37534e-09','2.80941e-08','1.44359e-11','0','0','0','2.30888e-06','4.16723e-05','-3.02301e-05','4.07383e-08','-9.42844e-09','5.71502e-09','-3.57779e-09','-6.08441e-08','5.88664e-10','0','0','0','-1.94768e-06','-3.02301e-05','2.51642e-05','-1.33313e-08','6.43345e-09','-2.38656e-09','1.04615e-08','-3.26175e-09','-2.82783e-10','0','0','0','1.19309e-09','4.07383e-08','-1.33313e-08','1.21161e-09','1.68216e-11','8.32423e-11','2.9801e-10','-2.67082e-09','1.09863e-11','0','0','0','2.97505e-09','-9.42844e-09','6.43345e-09','1.68216e-11','2.78912e-10','-1.04433e-10','-2.34174e-10','1.701e-09','-5.08192e-12','0','0','0','-2.6721e-09','5.71502e-09','-2.38656e-09','8.32423e-11','-1.04433e-10','1.18654e-10','2.95113e-10','-1.14196e-09','9.5032e-14','0','0','0','-7.37534e-09','-3.57779e-09','1.04615e-08','2.9801e-10','-2.34174e-10','2.95113e-10','1.62415e-07','-2.94842e-09','4.97508e-13','0','0','0','2.80941e-08','-6.08441e-08','-3.26175e-09','-2.67082e-09','1.701e-09','-1.14196e-09','-2.94842e-09','2.43377e-06','-4.59948e-11','0','0','0','1.44359e-11','5.88664e-10','-2.82783e-10','1.09863e-11','-5.08192e-12','9.5032e-14','4.97508e-13','-4.59948e-11','1.06374e-10','0','0','0','0','0','0','0','0','0','0','0','0','0','0','0','0','0','0','0','0','0','0','0','0','0','0','0','0','0','0','0','0','0','0','0','0','0','0','0']

reports.append(Report(575438848, ("DT", -2, 1, 3), "MBwhAst1sec03"))
reports[-1].posNum = 3181
reports[-1].negNum = 0
reports[-1].fittype = "6DOF"
reports[-1].add_parameters(ValErr(-0.00161681, 0.000756898, 0), \
                           ValErr(0.0926136, 0.005923, 0), \
                           ValErr(-0.00188386, 0.00460909, 0), \
                           ValErr(0.000210942, 3.22891e-05, 0), \
                           ValErr(-7.34817e-05, 1.54168e-05, 0), \
                           ValErr(7.64057e-05, 1.02165e-05, 0), \
                           27493.2, 3181, 3181, -nan)
reports[-1].sigmax = ValErr(0.0296027, 0.000374847, 0)
reports[-1].sigmay = ValErr(0.114622, 0.00145304, 0)
reports[-1].sigmadxdz = ValErr(0.000736392, 9.26516e-06, 0)
reports[-1].sigmadydz = ValErr(0, 0, 0)
reports[-1].add_stats(0.000514508, 0.095946, 2.63708e-05, -0.0152305, -0.000187355, 0.0875732, 2.4435e-05, -0.0138434, -0.000187355, 0.0875732, 2.4435e-05, -0.0138434, -0.000446949, 0.0870628, 8.77228e-06, -0.013835, -0.000446949, 0.0870628, 8.77228e-06, -0.013835, 0.0294762, 0.116887, 0.000734482, 0.0184098, 0.0294762, 0.116887, 0.000734482, 0.0184098)
reports[-1].CovMatrix = ['5.72894e-07','2.76801e-06','-2.26629e-06','1.50978e-09','2.71068e-09','-2.42964e-09','-1.39454e-08','3.85085e-08','-4.24442e-13','0','0','0','2.76801e-06','3.50819e-05','-2.54818e-05','3.24481e-08','-1.34865e-09','-8.19647e-10','-6.60303e-08','-4.78272e-08','3.00545e-10','0','0','0','-2.26629e-06','-2.54818e-05','2.12437e-05','-1.1748e-08','4.03677e-09','6.63225e-10','4.8981e-08','3.81116e-08','-1.54295e-10','0','0','0','1.50978e-09','3.24481e-08','-1.1748e-08','1.04259e-09','5.52588e-11','7.5177e-11','-1.42441e-11','-1.37984e-09','5.49618e-12','0','0','0','2.71068e-09','-1.34865e-09','4.03677e-09','5.52588e-11','2.37679e-10','-9.05346e-11','-3.59589e-10','2.47379e-09','-5.93008e-12','0','0','0','-2.42964e-09','-8.19647e-10','6.63225e-10','7.5177e-11','-9.05346e-11','1.04376e-10','3.71454e-10','-1.59556e-09','-6.17371e-13','0','0','0','-1.39454e-08','-6.60303e-08','4.8981e-08','-1.42441e-11','-3.59589e-10','3.71454e-10','1.4051e-07','-3.96585e-09','-4.87254e-12','0','0','0','3.85085e-08','-4.78272e-08','3.81116e-08','-1.37984e-09','2.47379e-09','-1.59556e-09','-3.96585e-09','2.11133e-06','-4.39646e-11','0','0','0','-4.24442e-13','3.00545e-10','-1.54295e-10','5.49618e-12','-5.93008e-12','-6.17371e-13','-4.87254e-12','-4.39646e-11','8.58432e-11','0','0','0','0','0','0','0','0','0','0','0','0','0','0','0','0','0','0','0','0','0','0','0','0','0','0','0','0','0','0','0','0','0','0','0','0','0','0','0']

reports.append(Report(575700992, ("DT", -2, 1, 4), "MBwhAst1sec04"))
reports[-1].posNum = 3893
reports[-1].negNum = 0
reports[-1].fittype = "6DOF"
reports[-1].add_parameters(ValErr(-0.000135653, 0.000610729, 0), \
                           ValErr(0.0990352, 0.00529928, 0), \
                           ValErr(-0.00646371, 0.0040952, 0), \
                           ValErr(0.000146037, 2.94358e-05, 0), \
                           ValErr(-6.93451e-05, 1.36585e-05, 0), \
                           ValErr(7.01338e-05, 9.03099e-06, 0), \
                           33864.6, 3893, 3893, -nan)
reports[-1].sigmax = ValErr(0.0284405, 0.000323629, 0)
reports[-1].sigmay = ValErr(0.114456, 0.00130413, 0)
reports[-1].sigmadxdz = ValErr(0.000725871, 8.24074e-06, 0)
reports[-1].sigmadydz = ValErr(0, 0, 0)
reports[-1].add_stats(0.00111866, 0.0946365, 2.40527e-05, -0.0149254, 0.000463737, 0.0894564, 2.58977e-05, -0.0140008, 0.000463737, 0.0894564, 2.58977e-05, -0.0140008, 0.000280737, 0.0887105, 2.72755e-05, -0.0140912, 0.000280737, 0.0887105, 2.72755e-05, -0.0140912, 0.0283774, 0.115927, 0.000724448, 0.0182341, 0.0283774, 0.115927, 0.000724448, 0.0182341)
reports[-1].CovMatrix = ['3.7299e-07','1.81675e-06','-1.49691e-06','1.20984e-09','1.50271e-09','-1.23097e-09','-4.26442e-09','1.68337e-08','1.06073e-11','0','0','0','1.81675e-06','2.80824e-05','-2.02996e-05','2.51955e-08','-5.98393e-09','3.97496e-09','6.89595e-09','-7.3467e-08','3.54678e-10','0','0','0','-1.49691e-06','-2.02996e-05','1.67707e-05','-1.15629e-08','5.31527e-09','-2.65533e-09','-5.40784e-09','5.30705e-08','-2.27695e-10','0','0','0','1.20984e-09','2.51955e-08','-1.15629e-08','8.66469e-10','1.55926e-11','6.82949e-11','5.81837e-11','-1.15519e-09','6.45477e-12','0','0','0','1.50271e-09','-5.98393e-09','5.31527e-09','1.55926e-11','1.86554e-10','-7.21166e-11','-2.50898e-10','1.6596e-09','-3.98856e-12','0','0','0','-1.23097e-09','3.97496e-09','-2.65533e-09','6.82949e-11','-7.21166e-11','8.15588e-11','2.57903e-10','-1.01921e-09','-5.32145e-14','0','0','0','-4.26442e-09','6.89595e-09','-5.40784e-09','5.81837e-11','-2.50898e-10','2.57903e-10','1.04735e-07','-3.21963e-09','-1.11241e-12','0','0','0','1.68337e-08','-7.3467e-08','5.30705e-08','-1.15519e-09','1.6596e-09','-1.01921e-09','-3.21963e-09','1.70077e-06','-3.33605e-11','0','0','0','1.06073e-11','3.54678e-10','-2.27695e-10','6.45477e-12','-3.98856e-12','-5.32145e-14','-1.11241e-12','-3.33605e-11','6.79099e-11','0','0','0','0','0','0','0','0','0','0','0','0','0','0','0','0','0','0','0','0','0','0','0','0','0','0','0','0','0','0','0','0','0','0','0','0','0','0','0']

reports.append(Report(575963136, ("DT", -2, 1, 5), "MBwhAst1sec05"))
reports[-1].posNum = 3960
reports[-1].negNum = 0
reports[-1].fittype = "6DOF"
reports[-1].add_parameters(ValErr(-0.00217705, 0.000621372, 0), \
                           ValErr(0.0937157, 0.00520012, 0), \
                           ValErr(-0.00334713, 0.00400648, 0), \
                           ValErr(0.000244075, 2.84038e-05, 0), \
                           ValErr(-9.69002e-05, 1.37103e-05, 0), \
                           ValErr(6.14864e-05, 8.75229e-06, 0), \
                           34330, 3960, 3960, -nan)
reports[-1].sigmax = ValErr(0.0283305, 0.000357116, 0)
reports[-1].sigmay = ValErr(0.114417, 0.00129386, 0)
reports[-1].sigmadxdz = ValErr(0.000750865, 8.47272e-06, 0)
reports[-1].sigmadydz = ValErr(0, 0, 0)
reports[-1].add_stats(-0.00111079, 0.0947658, -7.56808e-06, -0.0149021, -0.00121776, 0.0871742, -2.15054e-05, -0.0138616, -0.00121776, 0.0871742, -2.15054e-05, -0.0138616, -0.0010584, 0.0832725, -1.67427e-05, -0.0133955, -0.0010584, 0.0832725, -1.67427e-05, -0.0133955, 0.0281955, 0.117268, 0.000748752, 0.0184346, 0.0281955, 0.117268, 0.000748752, 0.0184346)
reports[-1].CovMatrix = ['3.86103e-07','1.87418e-06','-1.54337e-06','9.18919e-10','1.80536e-09','-1.59055e-09','-2.80033e-09','2.28179e-08','2.78659e-11','0','0','0','1.87418e-06','2.70413e-05','-1.94637e-05','2.46327e-08','-1.29008e-09','-9.96484e-10','-1.06237e-07','4.78314e-08','5.40265e-10','0','0','0','-1.54337e-06','-1.94637e-05','1.60519e-05','-1.20262e-08','2.20192e-09','1.08131e-09','7.47858e-08','-4.30386e-08','-3.94587e-10','0','0','0','9.18919e-10','2.46327e-08','-1.20262e-08','8.06773e-10','4.33725e-11','5.34214e-11','-1.11967e-10','-1.59812e-09','6.17387e-12','0','0','0','1.80536e-09','-1.29008e-09','2.20192e-09','4.33725e-11','1.87972e-10','-6.65284e-11','-1.35356e-10','1.63299e-09','-4.39373e-12','0','0','0','-1.59055e-09','-9.96484e-10','1.08131e-09','5.34214e-11','-6.65284e-11','7.66025e-11','1.31604e-10','-9.82704e-10','-1.28076e-13','0','0','0','-2.80033e-09','-1.06237e-07','7.47858e-08','-1.11967e-10','-1.35356e-10','1.31604e-10','1.27532e-07','-1.33849e-08','1.09597e-11','0','0','0','2.28179e-08','4.78314e-08','-4.30386e-08','-1.59812e-09','1.63299e-09','-9.82704e-10','-1.33849e-08','1.67408e-06','-4.77044e-11','0','0','0','2.78659e-11','5.40265e-10','-3.94587e-10','6.17387e-12','-4.39373e-12','-1.28076e-13','1.09597e-11','-4.77044e-11','7.1787e-11','0','0','0','0','0','0','0','0','0','0','0','0','0','0','0','0','0','0','0','0','0','0','0','0','0','0','0','0','0','0','0','0','0','0','0','0','0','0','0']

reports.append(Report(576225280, ("DT", -2, 1, 6), "MBwhAst1sec06"))
reports[-1].posNum = 3879
reports[-1].negNum = 0
reports[-1].fittype = "6DOF"
reports[-1].add_parameters(ValErr(-0.000532842, 0.000645327, 0), \
                           ValErr(0.10731, 0.00536646, 0), \
                           ValErr(-0.0130841, 0.00416069, 0), \
                           ValErr(0.000175902, 3.24805e-05, 0), \
                           ValErr(-9.0967e-05, 1.43555e-05, 0), \
                           ValErr(8.36009e-05, 9.4073e-06, 0), \
                           33506.4, 3879, 3879, -nan)
reports[-1].sigmax = ValErr(0.0292784, 0.000337267, 0)
reports[-1].sigmay = ValErr(0.114155, 0.00133834, 0)
reports[-1].sigmadxdz = ValErr(0.000751385, 8.74135e-06, 0)
reports[-1].sigmadydz = ValErr(0, 0, 0)
reports[-1].add_stats(0.000454902, 0.0951663, 2.707e-05, -0.0152353, -8.54327e-05, 0.0889502, 1.84997e-05, -0.0141418, -8.54327e-05, 0.0889502, 1.84997e-05, -0.0141418, -0.000552056, 0.0907611, 7.78844e-06, -0.0143394, -0.000552056, 0.0907611, 7.78844e-06, -0.0143394, 0.0292421, 0.11601, 0.000750142, 0.017984, 0.0292421, 0.11601, 0.000750142, 0.017984)
reports[-1].CovMatrix = ['4.16447e-07','1.85919e-06','-1.56386e-06','6.69582e-10','1.77588e-09','-1.53665e-09','-3.47735e-09','4.35463e-08','9.86269e-11','0','0','0','1.85919e-06','2.87989e-05','-2.08576e-05','3.26406e-08','-5.12962e-09','4.46226e-09','-8.04092e-09','-8.75347e-08','4.94983e-10','0','0','0','-1.56386e-06','-2.08576e-05','1.73113e-05','-1.26352e-08','5.28902e-09','-2.95823e-09','1.70332e-09','-1.48718e-08','-5.75485e-10','0','0','0','6.69582e-10','3.26406e-08','-1.26352e-08','1.05498e-09','5.61087e-11','8.16636e-11','-5.36793e-10','1.20707e-09','1.99644e-11','0','0','0','1.77588e-09','-5.12962e-09','5.28902e-09','5.61087e-11','2.06079e-10','-7.1469e-11','-4.09271e-10','2.57317e-09','1.11215e-12','0','0','0','-1.53665e-09','4.46226e-09','-2.95823e-09','8.16636e-11','-7.1469e-11','8.84973e-11','2.31009e-10','-6.82652e-10','2.04645e-12','0','0','0','-3.47735e-09','-8.04092e-09','1.70332e-09','-5.36793e-10','-4.09271e-10','2.31009e-10','1.13749e-07','-6.67092e-09','-4.9194e-11','0','0','0','4.35463e-08','-8.75347e-08','-1.48718e-08','1.20707e-09','2.57317e-09','-6.82652e-10','-6.67092e-09','1.79115e-06','4.66937e-10','0','0','0','9.86269e-11','4.94983e-10','-5.75485e-10','1.99644e-11','1.11215e-12','2.04645e-12','-4.9194e-11','4.66937e-10','7.64112e-11','0','0','0','0','0','0','0','0','0','0','0','0','0','0','0','0','0','0','0','0','0','0','0','0','0','0','0','0','0','0','0','0','0','0','0','0','0','0','0']

reports.append(Report(576487424, ("DT", -2, 1, 7), "MBwhAst1sec07"))
reports[-1].posNum = 4233
reports[-1].negNum = 0
reports[-1].fittype = "6DOF"
reports[-1].add_parameters(ValErr(-0.00122636, 0.000596994, 0), \
                           ValErr(0.108383, 0.0051091, 0), \
                           ValErr(-0.011811, 0.00395843, 0), \
                           ValErr(0.000225045, 2.70534e-05, 0), \
                           ValErr(-9.72878e-05, 1.30735e-05, 0), \
                           ValErr(7.54605e-05, 8.55235e-06, 0), \
                           36806.2, 4233, 4233, -nan)
reports[-1].sigmax = ValErr(0.0289792, 0.000315947, 0)
reports[-1].sigmay = ValErr(0.110287, 0.00120425, 0)
reports[-1].sigmadxdz = ValErr(0.000742093, 8.07824e-06, 0)
reports[-1].sigmadydz = ValErr(0, 0, 0)
reports[-1].add_stats(-0.00118446, 0.0969202, 1.37255e-05, -0.0155217, -0.00107092, 0.0922038, -6.31548e-06, -0.014495, -0.00107092, 0.0922038, -6.31548e-06, -0.014495, -0.000928218, 0.0908537, -8.38311e-06, -0.014291, -0.000928218, 0.0908537, -8.38311e-06, -0.014291, 0.0289324, 0.112619, 0.000740145, 0.0177604, 0.0289324, 0.112619, 0.000740145, 0.0177604)
reports[-1].CovMatrix = ['3.56402e-07','1.77224e-06','-1.45287e-06','1.2921e-09','1.31187e-09','-1.07255e-09','-3.61557e-09','1.34705e-08','1.03021e-11','0','0','0','1.77224e-06','2.61029e-05','-1.90473e-05','2.42803e-08','-3.79413e-09','1.81622e-09','-3.97082e-09','-3.08758e-08','3.71201e-10','0','0','0','-1.45287e-06','-1.90473e-05','1.56692e-05','-1.39729e-08','3.7897e-09','-1.27244e-09','4.01292e-09','1.9776e-08','-2.66041e-10','0','0','0','1.2921e-09','2.42803e-08','-1.39729e-08','7.31886e-10','2.42594e-11','5.5208e-11','1.64902e-10','-1.41304e-09','5.82534e-12','0','0','0','1.31187e-09','-3.79413e-09','3.7897e-09','2.42594e-11','1.70915e-10','-6.29799e-11','-1.76769e-10','1.23593e-09','-3.65422e-12','0','0','0','-1.07255e-09','1.81622e-09','-1.27244e-09','5.5208e-11','-6.29799e-11','7.31426e-11','2.13195e-10','-8.10403e-10','5.2609e-14','0','0','0','-3.61557e-09','-3.97082e-09','4.01292e-09','1.64902e-10','-1.76769e-10','2.13195e-10','9.98228e-08','-2.34651e-09','-5.96292e-14','0','0','0','1.34705e-08','-3.08758e-08','1.9776e-08','-1.41304e-09','1.23593e-09','-8.10403e-10','-2.34651e-09','1.45023e-06','-3.12607e-11','0','0','0','1.03021e-11','3.71201e-10','-2.66041e-10','5.82534e-12','-3.65422e-12','5.2609e-14','-5.96292e-14','-3.12607e-11','6.5258e-11','0','0','0','0','0','0','0','0','0','0','0','0','0','0','0','0','0','0','0','0','0','0','0','0','0','0','0','0','0','0','0','0','0','0','0','0','0','0','0']

reports.append(Report(576749568, ("DT", -2, 1, 8), "MBwhAst1sec08"))
reports[-1].posNum = 3747
reports[-1].negNum = 0
reports[-1].fittype = "6DOF"
reports[-1].add_parameters(ValErr(-0.00112379, 0.000643066, 0), \
                           ValErr(0.095692, 0.00548125, 0), \
                           ValErr(-0.00419548, 0.00425418, 0), \
                           ValErr(0.000264744, 2.91848e-05, 0), \
                           ValErr(-9.14173e-05, 1.41322e-05, 0), \
                           ValErr(8.87809e-05, 9.25066e-06, 0), \
                           32388, 3747, 3747, -nan)
reports[-1].sigmax = ValErr(0.0295618, 0.000342649, 0)
reports[-1].sigmay = ValErr(0.112203, 0.00130259, 0)
reports[-1].sigmadxdz = ValErr(0.000752721, 8.70859e-06, 0)
reports[-1].sigmadydz = ValErr(0, 0, 0)
reports[-1].add_stats(-0.0010581, 0.092528, 1.03476e-05, -0.0149866, 0.000102967, 0.0867401, 1.19102e-05, -0.0138004, 0.000102967, 0.0867401, 1.19102e-05, -0.0138004, 0.00080864, 0.0844007, 2.99584e-05, -0.0134289, 0.00080864, 0.0844007, 2.99584e-05, -0.0134289, 0.0294807, 0.115042, 0.000750822, 0.0180237, 0.0294807, 0.115042, 0.000750822, 0.0180237)
reports[-1].CovMatrix = ['4.13534e-07','1.94162e-06','-1.60526e-06','1.2663e-09','1.82227e-09','-1.57606e-09','-5.33034e-09','1.99745e-08','1.10416e-11','0','0','0','1.94162e-06','3.00441e-05','-2.19027e-05','2.88016e-08','-4.7542e-09','2.38772e-09','-3.34026e-09','-3.91538e-08','4.18339e-10','0','0','0','-1.60526e-06','-2.19027e-05','1.8098e-05','-1.37156e-08','4.17722e-09','-1.19083e-09','5.62997e-09','1.39432e-08','-2.69195e-10','0','0','0','1.2663e-09','2.88016e-08','-1.37156e-08','8.51752e-10','2.56964e-11','6.07952e-11','2.18975e-10','-1.70477e-09','6.5013e-12','0','0','0','1.82227e-09','-4.7542e-09','4.17722e-09','2.56964e-11','1.99719e-10','-7.43538e-11','-2.2403e-10','1.4946e-09','-4.17013e-12','0','0','0','-1.57606e-09','2.38772e-09','-1.19083e-09','6.07952e-11','-7.43538e-11','8.55747e-11','2.5946e-10','-9.73671e-10','-9.87578e-15','0','0','0','-5.33034e-09','-3.34026e-09','5.62997e-09','2.18975e-10','-2.2403e-10','2.5946e-10','1.17409e-07','-3.03007e-09','3.22741e-13','0','0','0','1.99745e-08','-3.91538e-08','1.39432e-08','-1.70477e-09','1.4946e-09','-9.73671e-10','-3.03007e-09','1.69673e-06','-3.62288e-11','0','0','0','1.10416e-11','4.18339e-10','-2.69195e-10','6.5013e-12','-4.17013e-12','-9.87578e-15','3.22741e-13','-3.62288e-11','7.58396e-11','0','0','0','0','0','0','0','0','0','0','0','0','0','0','0','0','0','0','0','0','0','0','0','0','0','0','0','0','0','0','0','0','0','0','0','0','0','0','0']

reports.append(Report(577011712, ("DT", -2, 1, 9), "MBwhAst1sec09"))
reports[-1].posNum = 2817
reports[-1].negNum = 0
reports[-1].fittype = "6DOF"
reports[-1].add_parameters(ValErr(-6.91605e-05, 0.00075645, 0), \
                           ValErr(0.102979, 0.00667389, 0), \
                           ValErr(-0.0112969, 0.00515255, 0), \
                           ValErr(0.000252868, 3.75462e-05, 0), \
                           ValErr(-8.85755e-05, 1.74149e-05, 0), \
                           ValErr(7.12589e-05, 1.11392e-05, 0), \
                           24089.1, 2817, 2817, -nan)
reports[-1].sigmax = ValErr(0.0303564, 0.00041347, 0)
reports[-1].sigmay = ValErr(0.11604, 0.00160441, 0)
reports[-1].sigmadxdz = ValErr(0.000777386, 1.06387e-05, 0)
reports[-1].sigmadydz = ValErr(0, 0, 0)
reports[-1].add_stats(0.000605842, 0.0905997, 2.32145e-05, -0.0144184, 0.000187887, 0.0858549, 4.06709e-06, -0.0135425, 0.000187887, 0.0858549, 4.06709e-06, -0.0135425, 0.000122227, 0.0843255, -2.85823e-07, -0.0133784, 0.000122227, 0.0843255, -2.85823e-07, -0.0133784, 0.0303053, 0.118321, 0.000775901, 0.0186023, 0.0303053, 0.118321, 0.000775901, 0.0186023)
reports[-1].CovMatrix = ['5.72217e-07','2.75937e-06','-2.2649e-06','1.99273e-09','2.18636e-09','-1.987e-09','-1.5874e-08','7.05398e-09','1.22953e-10','0','0','0','2.75937e-06','4.45408e-05','-3.24016e-05','5.39545e-08','-1.06658e-08','7.76858e-09','-1.02102e-07','-5.51905e-07','3.24097e-09','0','0','0','-2.2649e-06','-3.24016e-05','2.65487e-05','-2.84101e-08','9.25927e-09','-4.53675e-09','9.84223e-08','4.13143e-07','-2.4625e-09','0','0','0','1.99273e-09','5.39545e-08','-2.84101e-08','1.40972e-09','7.03517e-11','1.32435e-10','3.68847e-10','-1.53971e-09','9.15281e-12','0','0','0','2.18636e-09','-1.06658e-08','9.25927e-09','7.03517e-11','3.03278e-10','-9.55831e-11','1.32849e-10','3.78449e-09','-1.59497e-11','0','0','0','-1.987e-09','7.76858e-09','-4.53675e-09','1.32435e-10','-9.55831e-11','1.24081e-10','3.11464e-10','-1.72634e-09','1.88414e-12','0','0','0','-1.5874e-08','-1.02102e-07','9.84223e-08','3.68847e-10','1.32849e-10','3.11464e-10','1.70957e-07','3.351e-08','-2.04974e-10','0','0','0','7.05398e-09','-5.51905e-07','4.13143e-07','-1.53971e-09','3.78449e-09','-1.72634e-09','3.351e-08','2.57413e-06','-7.88481e-10','0','0','0','1.22953e-10','3.24097e-09','-2.4625e-09','9.15281e-12','-1.59497e-11','1.88414e-12','-2.04974e-10','-7.88481e-10','1.13181e-10','0','0','0','0','0','0','0','0','0','0','0','0','0','0','0','0','0','0','0','0','0','0','0','0','0','0','0','0','0','0','0','0','0','0','0','0','0','0','0']

reports.append(Report(577273856, ("DT", -2, 1, 10), "MBwhAst1sec10"))
reports[-1].posNum = 2580
reports[-1].negNum = 0
reports[-1].fittype = "6DOF"
reports[-1].add_parameters(ValErr(0.00208662, 0.000744796, 0), \
                           ValErr(0.109534, 0.00662754, 0), \
                           ValErr(-0.0143379, 0.0051131, 0), \
                           ValErr(0.000145677, 3.31218e-05, 0), \
                           ValErr(-3.42718e-05, 1.61566e-05, 0), \
                           ValErr(5.28399e-05, 1.03952e-05, 0), \
                           22432.8, 2580, 2580, -nan)
reports[-1].sigmax = ValErr(0.0288484, 0.000405956, 0)
reports[-1].sigmay = ValErr(0.114439, 0.00159986, 0)
reports[-1].sigmadxdz = ValErr(0.000718555, 1.00095e-05, 0)
reports[-1].sigmadydz = ValErr(0, 0, 0)
reports[-1].add_stats(0.00146422, 0.0975581, 3.6926e-05, -0.0153809, 0.00128381, 0.0914436, 4.34827e-05, -0.0144984, 0.00128381, 0.0914436, 4.34827e-05, -0.0144984, 0.0012434, 0.0902782, 3.95796e-05, -0.0143997, 0.0012434, 0.0902782, 3.95796e-05, -0.0143997, 0.0288092, 0.115387, 0.000717719, 0.0181552, 0.0288092, 0.115387, 0.000717719, 0.0181552)
reports[-1].CovMatrix = ['5.5472e-07','2.8515e-06','-2.33374e-06','2.92026e-09','1.37611e-09','-7.57275e-10','-8.60228e-09','3.57691e-09','-2.57044e-11','0','0','0','2.8515e-06','4.39243e-05','-3.184e-05','4.22335e-08','-1.02059e-08','8.21884e-09','-4.27404e-08','-2.58044e-07','2.86778e-11','0','0','0','-2.33374e-06','-3.184e-05','2.61438e-05','-2.95826e-08','8.73135e-09','-6.46945e-09','3.20722e-08','2.03175e-07','-9.53419e-11','0','0','0','2.92026e-09','4.22335e-08','-2.95826e-08','1.09706e-09','-3.42377e-12','1.00876e-10','9.84177e-11','-1.07099e-09','5.07097e-12','0','0','0','1.37611e-09','-1.02059e-08','8.73135e-09','-3.42377e-12','2.61037e-10','-9.4641e-11','-3.42183e-10','2.51561e-09','-6.16798e-12','0','0','0','-7.57275e-10','8.21884e-09','-6.46945e-09','1.00876e-10','-9.4641e-11','1.0806e-10','3.55519e-10','-1.49721e-09','-7.36111e-13','0','0','0','-8.60228e-09','-4.27404e-08','3.20722e-08','9.84177e-11','-3.42183e-10','3.55519e-10','1.64801e-07','-3.97513e-09','-9.77974e-12','0','0','0','3.57691e-09','-2.58044e-07','2.03175e-07','-1.07099e-09','2.51561e-09','-1.49721e-09','-3.97513e-09','2.55957e-06','-9.41319e-11','0','0','0','-2.57044e-11','2.86778e-11','-9.53419e-11','5.07097e-12','-6.16798e-12','-7.36111e-13','-9.77974e-12','-9.41319e-11','1.00191e-10','0','0','0','0','0','0','0','0','0','0','0','0','0','0','0','0','0','0','0','0','0','0','0','0','0','0','0','0','0','0','0','0','0','0','0','0','0','0','0']

reports.append(Report(577536000, ("DT", -2, 1, 11), "MBwhAst1sec11"))
reports[-1].posNum = 3003
reports[-1].negNum = 0
reports[-1].fittype = "6DOF"
reports[-1].add_parameters(ValErr(0.000479634, 0.000748294, 0), \
                           ValErr(0.104073, 0.00626607, 0), \
                           ValErr(-0.0090739, 0.00481727, 0), \
                           ValErr(0.000205549, 3.17883e-05, 0), \
                           ValErr(-7.67378e-05, 1.58567e-05, 0), \
                           ValErr(7.39601e-05, 1.02046e-05, 0), \
                           25955.8, 3003, 3003, -nan)
reports[-1].sigmax = ValErr(0.0288419, 0.00047507, 0)
reports[-1].sigmay = ValErr(0.114583, 0.00152584, 0)
reports[-1].sigmadxdz = ValErr(0.000755823, 1.03436e-05, 0)
reports[-1].sigmadydz = ValErr(0, 0, 0)
reports[-1].add_stats(0.000502107, 0.0973634, 3.18583e-05, -0.0158645, 0.000612407, 0.0926534, 2.08807e-05, -0.014745, 0.000612407, 0.0926534, 2.08807e-05, -0.014745, 0.000679971, 0.0932182, 1.46835e-05, -0.0149025, 0.000679971, 0.0932182, 1.46835e-05, -0.0149025, 0.0287283, 0.116791, 0.000754213, 0.0182504, 0.0287283, 0.116791, 0.000754213, 0.0182504)
reports[-1].CovMatrix = ['5.59944e-07','2.92911e-06','-2.39213e-06','2.13032e-09','1.83245e-09','-1.27223e-09','5.2345e-11','4.02272e-08','1.02124e-10','0','0','0','2.92911e-06','3.92637e-05','-2.8376e-05','3.65073e-08','-5.39738e-09','3.50146e-09','-3.0206e-07','8.25572e-08','3.91652e-09','0','0','0','-2.39213e-06','-2.8376e-05','2.32061e-05','-2.31738e-08','6.30552e-09','-2.96309e-09','1.59158e-07','-1.53648e-08','-2.33333e-09','0','0','0','2.13032e-09','3.65073e-08','-2.31738e-08','1.0105e-09','2.62871e-11','9.26271e-11','-4.81787e-10','-1.26463e-09','1.38433e-11','0','0','0','1.83245e-09','-5.39738e-09','6.30552e-09','2.62871e-11','2.51436e-10','-8.80218e-11','1.96713e-10','2.55849e-09','-1.04948e-11','0','0','0','-1.27223e-09','3.50146e-09','-2.96309e-09','9.26271e-11','-8.80218e-11','1.04134e-10','4.35125e-11','-8.89966e-10','5.98072e-12','0','0','0','5.2345e-11','-3.0206e-07','1.59158e-07','-4.81787e-10','1.96713e-10','4.35125e-11','2.25691e-07','-2.23897e-09','-6.67927e-10','0','0','0','4.02272e-08','8.25572e-08','-1.53648e-08','-1.26463e-09','2.55849e-09','-8.89966e-10','-2.23897e-09','2.32818e-06','7.93586e-10','0','0','0','1.02124e-10','3.91652e-09','-2.33333e-09','1.38433e-11','-1.04948e-11','5.98072e-12','-6.67927e-10','7.93586e-10','1.06991e-10','0','0','0','0','0','0','0','0','0','0','0','0','0','0','0','0','0','0','0','0','0','0','0','0','0','0','0','0','0','0','0','0','0','0','0','0','0','0','0']

reports.append(Report(577798144, ("DT", -2, 1, 12), "MBwhAst1sec12"))
reports[-1].posNum = 3804
reports[-1].negNum = 0
reports[-1].fittype = "6DOF"
reports[-1].add_parameters(ValErr(0.00021741, 0.000670912, 0), \
                           ValErr(0.108246, 0.00548832, 0), \
                           ValErr(-0.0118786, 0.00427634, 0), \
                           ValErr(0.000174806, 3.23797e-05, 0), \
                           ValErr(-7.88566e-05, 1.45639e-05, 0), \
                           ValErr(7.2803e-05, 9.56661e-06, 0), \
                           32562.7, 3804, 3804, -nan)
reports[-1].sigmax = ValErr(0.030159, 0.000351868, 0)
reports[-1].sigmay = ValErr(0.116796, 0.00135831, 0)
reports[-1].sigmadxdz = ValErr(0.000770607, 8.8559e-06, 0)
reports[-1].sigmadydz = ValErr(0, 0, 0)
reports[-1].add_stats(-8.29694e-05, 0.0979412, 1.85361e-05, -0.0156531, 0.000543845, 0.0914925, 2.41292e-05, -0.0144232, 0.000543845, 0.0914925, 2.41292e-05, -0.0144232, -6.34499e-05, 0.0904743, 1.27313e-05, -0.0142918, -6.34499e-05, 0.0904743, 1.27313e-05, -0.0142918, 0.0300455, 0.118702, 0.000769355, 0.0186827, 0.0300455, 0.118702, 0.000769355, 0.0186827)
reports[-1].CovMatrix = ['4.50123e-07','2.03015e-06','-1.69292e-06','1.09237e-09','2.05158e-09','-1.6174e-09','-1.15039e-08','4.42581e-08','1.69805e-11','0','0','0','2.03015e-06','3.01217e-05','-2.19212e-05','2.86597e-08','-3.81284e-09','2.52319e-09','-8.91051e-09','-1.41089e-07','8.28638e-11','0','0','0','-1.69292e-06','-2.19212e-05','1.8287e-05','-1.07494e-08','4.42596e-09','-1.5688e-09','7.3712e-09','6.56546e-08','-1.99594e-10','0','0','0','1.09237e-09','2.86597e-08','-1.07494e-08','1.04845e-09','5.75893e-11','8.12623e-11','-1.29747e-10','-5.49078e-10','-2.76846e-12','0','0','0','2.05158e-09','-3.81284e-09','4.42596e-09','5.75893e-11','2.12106e-10','-7.22371e-11','-3.85742e-10','2.39528e-09','-6.21206e-12','0','0','0','-1.6174e-09','2.52319e-09','-1.5688e-09','8.12623e-11','-7.22371e-11','9.152e-11','2.52949e-10','-9.63845e-10','-1.09663e-12','0','0','0','-1.15039e-08','-8.91051e-09','7.3712e-09','-1.29747e-10','-3.85742e-10','2.52949e-10','1.23811e-07','-1.76229e-08','6.05062e-12','0','0','0','4.42581e-08','-1.41089e-07','6.56546e-08','-5.49078e-10','2.39528e-09','-9.63845e-10','-1.76229e-08','1.845e-06','-5.96634e-11','0','0','0','1.69805e-11','8.28638e-11','-1.99594e-10','-2.76846e-12','-6.21206e-12','-1.09663e-12','6.05062e-12','-5.96634e-11','7.8427e-11','0','0','0','0','0','0','0','0','0','0','0','0','0','0','0','0','0','0','0','0','0','0','0','0','0','0','0','0','0','0','0','0','0','0','0','0','0','0','0']

reports.append(Report(579108864, ("DT", -2, 2, 1), "MBwhAst2sec01"))
reports[-1].posNum = 3989
reports[-1].negNum = 0
reports[-1].fittype = "6DOF"
reports[-1].add_parameters(ValErr(-6.31572e-05, 2.86636e-05, 0), \
                           ValErr(-0.00896455, 0.00155672, 0), \
                           ValErr(-0.00165764, 0.000180108, 0), \
                           ValErr(2.72369e-07, 3.54119e-06, 0), \
                           ValErr(1.31754e-06, 2.88598e-06, 0), \
                           ValErr(3.50838e-07, 4.46362e-07, 0), \
                           50614.2, 3989, 3989, -nan)
reports[-1].sigmax = ValErr(0.00128715, 1.39247e-05, 0)
reports[-1].sigmay = ValErr(0.101531, 0.00112017, 0)
reports[-1].sigmadxdz = ValErr(0.000334612, 3.73712e-06, 0)
reports[-1].sigmadydz = ValErr(0, 0, 0)
reports[-1].add_stats(-1.14238e-05, -0.00881906, -2.04433e-06, 0.00155636, -6.95975e-06, -0.0106508, -4.71048e-06, 0.00187532, -6.95975e-06, -0.0106508, -4.71048e-06, 0.00187532, -2.71435e-05, -0.0119871, -7.20791e-06, 0.00213003, -2.71435e-05, -0.0119871, -7.20791e-06, 0.00213003, 0.00130131, 0.101511, 0.000334546, 0.0180112, 0.00130131, 0.101511, 0.000334546, 0.0180112)
reports[-1].CovMatrix = ['8.21601e-10','-5.66411e-10','4.94167e-10','1.57608e-12','5.1712e-11','-3.97068e-12','-7.11566e-12','-3.83711e-10','8.48924e-13','0','0','0','-5.66411e-10','2.42338e-06','-4.16334e-08','-2.64812e-10','2.33124e-10','2.16642e-11','1.2645e-09','-7.23333e-08','2.98407e-11','0','0','0','4.94167e-10','-4.16334e-08','3.2439e-08','1.16478e-10','-1.2363e-10','-8.71241e-12','2.26175e-11','-4.70294e-09','-7.43279e-12','0','0','0','1.57608e-12','-2.64812e-10','1.16478e-10','1.254e-11','-1.3969e-12','-4.58733e-13','3.19815e-12','5.94311e-12','1.70169e-13','0','0','0','5.1712e-11','2.33124e-10','-1.2363e-10','-1.3969e-12','8.32888e-12','-1.56479e-13','-1.86812e-12','-1.15508e-11','1.26252e-13','0','0','0','-3.97068e-12','2.16642e-11','-8.71241e-12','-4.58733e-13','-1.56479e-13','1.99239e-13','-2.05521e-13','3.55702e-12','-5.84336e-15','0','0','0','-7.11566e-12','1.2645e-09','2.26175e-11','3.19815e-12','-1.86812e-12','-2.05521e-13','1.93896e-10','2.91559e-10','-2.44547e-13','0','0','0','-3.83711e-10','-7.23333e-08','-4.70294e-09','5.94311e-12','-1.15508e-11','3.55702e-12','2.91559e-10','1.25478e-06','-5.1184e-12','0','0','0','8.48924e-13','2.98407e-11','-7.43279e-12','1.70169e-13','1.26252e-13','-5.84336e-15','-2.44547e-13','-5.1184e-12','1.39661e-11','0','0','0','0','0','0','0','0','0','0','0','0','0','0','0','0','0','0','0','0','0','0','0','0','0','0','0','0','0','0','0','0','0','0','0','0','0','0','0']

reports.append(Report(579371008, ("DT", -2, 2, 2), "MBwhAst2sec02"))
reports[-1].posNum = 3298
reports[-1].negNum = 0
reports[-1].fittype = "6DOF"
reports[-1].add_parameters(ValErr(0.000497307, 3.4188e-05, 0), \
                           ValErr(-0.010426, 0.00181047, 0), \
                           ValErr(-0.000946099, 0.000217944, 0), \
                           ValErr(8.46978e-06, 4.19446e-06, 0), \
                           ValErr(2.85867e-05, 3.3439e-06, 0), \
                           ValErr(-4.36129e-06, 5.42029e-07, 0), \
                           41614.4, 3298, 3298, -nan)
reports[-1].sigmax = ValErr(0.00136649, 1.70387e-05, 0)
reports[-1].sigmay = ValErr(0.102984, 0.00129934, 0)
reports[-1].sigmadxdz = ValErr(0.000333396, 4.10033e-06, 0)
reports[-1].sigmadydz = ValErr(0, 0, 0)
reports[-1].add_stats(0.000277491, -0.0119476, 4.67979e-05, 0.00207054, 0.000286851, -0.011446, 5.67099e-05, 0.00190557, 0.000286851, -0.011446, 5.67099e-05, 0.00190557, 0.000285363, -0.0143584, 6.22377e-05, 0.002555, 0.000285363, -0.0143584, 6.22377e-05, 0.002555, 0.00138455, 0.102874, 0.000331755, 0.018357, 0.00138455, 0.102874, 0.000331755, 0.018357)
reports[-1].CovMatrix = ['1.16882e-09','-1.58651e-09','8.15053e-10','1.04904e-11','6.97993e-11','-6.36787e-12','-6.79236e-12','2.11136e-10','-8.88739e-12','0','0','0','-1.58651e-09','3.2778e-06','-4.2195e-08','-4.46128e-11','1.34029e-10','2.20987e-11','3.68766e-10','2.42918e-08','-1.24396e-11','0','0','0','8.15053e-10','-4.2195e-08','4.74998e-08','1.39738e-10','-1.81867e-10','-1.77113e-11','2.29885e-11','2.90777e-09','1.96995e-11','0','0','0','1.04904e-11','-4.46128e-11','1.39738e-10','1.75935e-11','-2.16917e-12','-7.68036e-13','-1.47742e-12','8.70959e-11','3.78322e-13','0','0','0','6.97993e-11','1.34029e-10','-1.81867e-10','-2.16917e-12','1.11816e-11','-2.10744e-13','2.36021e-12','-2.54998e-11','-1.22335e-12','0','0','0','-6.36787e-12','2.20987e-11','-1.77113e-11','-7.68036e-13','-2.10744e-13','2.93795e-13','3.02246e-13','-5.49348e-12','1.43654e-15','0','0','0','-6.79236e-12','3.68766e-10','2.29885e-11','-1.47742e-12','2.36021e-12','3.02246e-13','2.90319e-10','-1.03881e-10','-7.53643e-13','0','0','0','2.11136e-10','2.42918e-08','2.90777e-09','8.70959e-11','-2.54998e-11','-5.49348e-12','-1.03881e-10','1.6883e-06','-9.90789e-12','0','0','0','-8.88739e-12','-1.24396e-11','1.96995e-11','3.78322e-13','-1.22335e-12','1.43654e-15','-7.53643e-13','-9.90789e-12','1.68127e-11','0','0','0','0','0','0','0','0','0','0','0','0','0','0','0','0','0','0','0','0','0','0','0','0','0','0','0','0','0','0','0','0','0','0','0','0','0','0','0']

reports.append(Report(579633152, ("DT", -2, 2, 3), "MBwhAst2sec03"))
reports[-1].posNum = 3451
reports[-1].negNum = 0
reports[-1].fittype = "6DOF"
reports[-1].add_parameters(ValErr(1.42243e-05, 2.67017e-05, 0), \
                           ValErr(-0.0117501, 0.00167379, 0), \
                           ValErr(-0.00145919, 0.000192888, 0), \
                           ValErr(8.1472e-06, 3.9185e-06, 0), \
                           ValErr(3.5739e-06, 2.92263e-06, 0), \
                           ValErr(-1.25131e-06, 4.55119e-07, 0), \
                           43911.2, 3451, 3451, -nan)
reports[-1].sigmax = ValErr(0.00124226, 1.49065e-05, 0)
reports[-1].sigmay = ValErr(0.102683, 0.00120953, 0)
reports[-1].sigmadxdz = ValErr(0.000330771, 3.97916e-06, 0)
reports[-1].sigmadydz = ValErr(0, 0, 0)
reports[-1].add_stats(2.47962e-05, -0.0119351, -2.48241e-06, 0.00208693, 1.97103e-05, -0.0133572, 2.51531e-06, 0.00221443, 1.97103e-05, -0.0133572, 2.51531e-06, 0.00221443, -8.76437e-06, -0.0142004, -2.21446e-06, 0.00232788, -8.76437e-06, -0.0142004, -2.21446e-06, 0.00232788, 0.00125647, 0.102687, 0.000330743, 0.0182166, 0.00125647, 0.102687, 0.000330743, 0.0182166)
