nan = None;  NAN = None
nan = 0
reports = []
class ValErr:
    def __init__(self, value, error, antisym):
        self.value, self.error, self.antisym = value, error, antisym

    def __repr__(self):
        if self.antisym == 0.:
            return "%g +- %g" % (self.value, self.error)
        else:
            return "%g +- %g ~ %g" % (self.value, self.error, self.antisym)

class Report:
    def __init__(self, chamberId, postal_address, name):
        self.chamberId, self.postal_address, self.name = chamberId, postal_address, name
        self.status = "NOFIT"
        self.fittype = None
        self.CovMatrix = None

    def add_parameters(self, deltax, deltay, deltaz, deltaphix, deltaphiy, deltaphiz, loglikelihood, numsegments, sumofweights, redchi2):
        self.status = "PASS"
        self.deltax, self.deltay, self.deltaz, self.deltaphix, self.deltaphiy, self.deltaphiz = deltax, deltay, deltaz, deltaphix, deltaphiy, deltaphiz
        self.loglikelihood, self.numsegments, self.sumofweights, self.redchi2 = loglikelihood, numsegments, sumofweights, redchi2

    def add_stats(self, median_x, median_y, median_dxdz, median_dydz, mean30_x, mean30_y, mean20_dxdz, mean50_dydz, mean15_x, mean15_y, mean10_dxdz, mean25_dydz, wmean30_x, wmean30_y, wmean20_dxdz, wmean50_dydz, wmean15_x, wmean15_y, wmean10_dxdz, wmean25_dydz, stdev30_x, stdev30_y, stdev20_dxdz, stdev50_dydz, stdev15_x, stdev15_y, stdev10_dxdz, stdev25_dydz):
        self.median_x, self.median_y, self.median_dxdz, self.median_dydz, self.mean30_x, self.mean30_y, self.mean20_dxdz, self.mean50_dydz, self.mean15_x, self.mean15_y, self.mean10_dxdz, self.mean25_dydz, self.wmean30_x, self.wmean30_y, self.wmean20_dxdz, self.wmean50_dydz, self.wmean15_x, self.wmean15_y, self.wmean10_dxdz, self.wmean25_dydz, self.stdev30_x, self.stdev30_y, self.stdev20_dxdz, self.stdev50_dydz, self.stdev15_x, self.stdev15_y, self.stdev10_dxdz, self.stdev25_dydz = median_x, median_y, median_dxdz, median_dydz, mean30_x, mean30_y, mean20_dxdz, mean50_dydz, mean15_x, mean15_y, mean10_dxdz, mean25_dydz, wmean30_x, wmean30_y, wmean20_dxdz, wmean50_dydz, wmean15_x, wmean15_y, wmean10_dxdz, wmean25_dydz, stdev30_x, stdev30_y, stdev20_dxdz, stdev50_dydz, stdev15_x, stdev15_y, stdev10_dxdz, stdev25_dydz

    def __repr__(self):
        return "<Report %s %s %s>" % (self.postal_address[0], " ".join(map(str, self.postal_address[1:])), self.status)

reports.append(Report(574914560, ("DT", -2, 1, 1), "MBwhAst1sec01"))
reports[-1].posNum = 640
reports[-1].negNum = 0
reports[-1].fittype = "6DOF"
reports[-1].add_parameters(ValErr(-0.0310482, 0.0023944, 0), \
                           ValErr(0.0572518, 0.0217117, 0), \
                           ValErr(0.000355811, 0.0170664, 0), \
                           ValErr(0.000112488, 0.000100081, 0), \
                           ValErr(-0.000653943, 5.29649e-05, 0), \
                           ValErr(-1.55235e-05, 3.37461e-05, 0), \
                           4719.28, 640, 640, -nan)
reports[-1].sigmax = ValErr(0.0464378, 0.00131239, 0)
reports[-1].sigmay = ValErr(0.157777, 0.00445368, 0)
reports[-1].sigmadxdz = ValErr(0.0012132, 3.4046e-05, 0)
reports[-1].sigmadydz = ValErr(0, 0, 0)
reports[-1].add_stats(-0.00443053, 0.0488911, -0.000421945, -0.00619598, -0.0287827, 0.0524463, -0.000758386, -0.00587377, -0.0287827, 0.0524463, -0.000758386, -0.00587377, -0.0252486, 0.0514912, -0.000685303, -0.0061287, -0.0252486, 0.0514912, -0.000685303, -0.0061287, 0.0467535, 0.156769, 0.00120909, 0.0239692, 0.0467535, 0.156769, 0.00120909, 0.0239692)
reports[-1].CovMatrix = ['5.73314e-06','2.77906e-05','-2.30649e-05','2.7893e-08','2.35968e-08','-2.02833e-08','1.19049e-07','-3.31285e-07','-4.34984e-10','0','0','0','2.77906e-05','0.000471396','-0.000353839','5.49491e-07','-9.61357e-08','6.75873e-08','-4.08981e-07','8.56867e-07','5.1847e-09','0','0','0','-2.30649e-05','-0.000353839','0.000291263','-3.24783e-07','6.69712e-08','-3.87428e-08','3.02649e-07','-7.86249e-07','-2.43494e-09','0','0','0','2.7893e-08','5.49491e-07','-3.24783e-07','1.00163e-08','2.22189e-10','6.75887e-10','1.11472e-09','-2.16291e-08','1.45076e-10','0','0','0','2.35968e-08','-9.61357e-08','6.69712e-08','2.22189e-10','2.80528e-09','-9.71522e-10','6.64578e-09','-2.97477e-08','5.69402e-11','0','0','0','-2.02833e-08','6.75873e-08','-3.87428e-08','6.75887e-10','-9.71522e-10','1.1388e-09','-6.27631e-09','1.38154e-08','5.86854e-11','0','0','0','1.19049e-07','-4.08981e-07','3.02649e-07','1.11472e-09','6.64578e-09','-6.27631e-09','1.72236e-06','-9.89578e-08','-2.22387e-10','0','0','0','-3.31285e-07','8.56867e-07','-7.86249e-07','-2.16291e-08','-2.97477e-08','1.38154e-08','-9.89578e-08','1.98354e-05','-4.23224e-10','0','0','0','-4.34984e-10','5.1847e-09','-2.43494e-09','1.45076e-10','5.69402e-11','5.86854e-11','-2.22387e-10','-4.23224e-10','1.15913e-09','0','0','0','0','0','0','0','0','0','0','0','0','0','0','0','0','0','0','0','0','0','0','0','0','0','0','0','0','0','0','0','0','0','0','0','0','0','0','0']

reports.append(Report(575176704, ("DT", -2, 1, 2), "MBwhAst1sec02"))
reports[-1].posNum = 426
reports[-1].negNum = 0
reports[-1].fittype = "6DOF"
reports[-1].add_parameters(ValErr(-0.0111257, 0.00189724, 0), \
                           ValErr(0.0645762, 0.0176549, 0), \
                           ValErr(-0.00585107, 0.0130768, 0), \
                           ValErr(0.000261429, 0.000119933, 0), \
                           ValErr(0.000387363, 4.80661e-05, 0), \
                           ValErr(4.93207e-05, 3.02268e-05, 0), \
                           3466.88, 426, 426, -nan)
reports[-1].sigmax = ValErr(0.0296137, 0.00102147, 0)
reports[-1].sigmay = ValErr(0.170316, 0.00585997, 0)
reports[-1].sigmadxdz = ValErr(0.000820649, 2.74597e-05, 0)
reports[-1].sigmadydz = ValErr(0, 0, 0)
reports[-1].add_stats(-0.00199603, 0.0605831, 0.000611879, -0.0065022, -0.0124478, 0.0542794, 0.000493301, -0.00773172, -0.0124478, 0.0542794, 0.000493301, -0.00773172, -0.011552, 0.0467026, 0.00053608, -0.00694078, -0.011552, 0.0467026, 0.00053608, -0.00694078, 0.0292737, 0.168299, 0.000817881, 0.0263962, 0.0292737, 0.168299, 0.000817881, 0.0263962)
reports[-1].CovMatrix = ['3.59953e-06','1.39573e-05','-1.20915e-05','-2.97214e-09','2.62836e-08','-2.30232e-08','-1.31793e-07','4.53501e-07','2.2183e-11','0','0','0','1.39573e-05','0.000311695','-0.000201231','2.45128e-07','-8.0713e-08','4.40354e-08','-2.17288e-07','-1.71299e-06','6.04935e-10','0','0','0','-1.20915e-05','-0.000201231','0.000171004','8.04551e-08','5.47436e-08','-1.02897e-08','2.90264e-07','1.14984e-06','9.10033e-10','0','0','0','-2.97214e-09','2.45128e-07','8.04551e-08','1.4384e-08','2.45779e-10','8.93439e-10','1.82846e-09','-1.28799e-08','1.80561e-11','0','0','0','2.62836e-08','-8.0713e-08','5.47436e-08','2.45779e-10','2.31035e-09','-8.65263e-10','-3.33952e-09','3.14522e-08','-6.04674e-11','0','0','0','-2.30232e-08','4.40354e-08','-1.02897e-08','8.93439e-10','-8.65263e-10','9.1366e-10','3.8317e-09','-1.76287e-08','-8.52002e-12','0','0','0','-1.31793e-07','-2.17288e-07','2.90264e-07','1.82846e-09','-3.33952e-09','3.8317e-09','1.04341e-06','-9.93422e-08','2.82212e-10','0','0','0','4.53501e-07','-1.71299e-06','1.14984e-06','-1.28799e-08','3.14522e-08','-1.76287e-08','-9.93422e-08','3.43395e-05','5.06394e-10','0','0','0','2.2183e-11','6.04935e-10','9.10033e-10','1.80561e-11','-6.04674e-11','-8.52002e-12','2.82212e-10','5.06394e-10','7.54036e-10','0','0','0','0','0','0','0','0','0','0','0','0','0','0','0','0','0','0','0','0','0','0','0','0','0','0','0','0','0','0','0','0','0','0','0','0','0','0','0']

reports.append(Report(575438848, ("DT", -2, 1, 3), "MBwhAst1sec03"))
reports[-1].posNum = 352
reports[-1].negNum = 0
reports[-1].fittype = "6DOF"
reports[-1].add_parameters(ValErr(-0.00786037, 0.00176034, 0), \
                           ValErr(0.0608641, 0.0165519, 0), \
                           ValErr(0.0438221, 0.0116333, 0), \
                           ValErr(0.000151773, 9.70454e-05, 0), \
                           ValErr(0.000579835, 3.75756e-05, 0), \
                           ValErr(4.59984e-07, 2.50499e-05, 0), \
                           3123.12, 352, 352, -nan)
reports[-1].sigmax = ValErr(0.0240997, 0.000921072, 0)
reports[-1].sigmay = ValErr(0.160333, 0.00615588, 0)
reports[-1].sigmadxdz = ValErr(0.000514017, 1.95858e-05, 0)
reports[-1].sigmadydz = ValErr(0, 0, 0)
reports[-1].add_stats(-0.000498171, 0.113887, 0.000540011, -0.015315, -0.00681349, 0.109712, 0.000623976, -0.0163957, -0.00681349, 0.109712, 0.000623976, -0.0163957, -0.00791681, 0.108736, 0.000595207, -0.0166462, -0.00791681, 0.108736, 0.000595207, -0.0166462, 0.023775, 0.151261, 0.000512332, 0.0245515, 0.023775, 0.151261, 0.000512332, 0.0245515)
reports[-1].CovMatrix = ['3.0988e-06','1.62088e-05','-1.31782e-05','1.38811e-08','6.90722e-09','-3.47832e-09','-3.39755e-09','1.43386e-07','-3.2871e-10','0','0','0','1.62088e-05','0.000273966','-0.000164759','1.50928e-07','-7.22893e-08','5.56387e-08','4.9897e-07','-3.26995e-06','3.0827e-10','0','0','0','-1.31782e-05','-0.000164759','0.000135333','-8.54574e-08','7.02503e-08','-4.78558e-08','-4.31464e-07','3.18954e-06','-1.18442e-09','0','0','0','1.38811e-08','1.50928e-07','-8.54574e-08','9.41781e-09','1.38117e-10','8.82084e-10','2.33167e-09','3.01776e-08','-1.41229e-10','0','0','0','6.90722e-09','-7.22893e-08','7.02503e-08','1.38117e-10','1.41193e-09','-6.06864e-10','-2.97496e-09','4.13504e-08','-6.83156e-11','0','0','0','-3.47832e-09','5.56387e-08','-4.78558e-08','8.82084e-10','-6.06864e-10','6.27496e-10','3.63516e-09','-1.99359e-08','-1.30242e-11','0','0','0','-3.39755e-09','4.9897e-07','-4.31464e-07','2.33167e-09','-2.97496e-09','3.63516e-09','8.48375e-07','-1.18407e-07','-1.15863e-10','0','0','0','1.43386e-07','-3.26995e-06','3.18954e-06','3.01776e-08','4.13504e-08','-1.99359e-08','-1.18407e-07','3.78951e-05','-1.86727e-09','0','0','0','-3.2871e-10','3.0827e-10','-1.18442e-09','-1.41229e-10','-6.83156e-11','-1.30242e-11','-1.15863e-10','-1.86727e-09','3.83605e-10','0','0','0','0','0','0','0','0','0','0','0','0','0','0','0','0','0','0','0','0','0','0','0','0','0','0','0','0','0','0','0','0','0','0','0','0','0','0','0']

reports.append(Report(575700992, ("DT", -2, 1, 4), "MBwhAst1sec04"))
reports[-1].posNum = 440
reports[-1].negNum = 0
reports[-1].fittype = "6DOF"
reports[-1].add_parameters(ValErr(-0.00181425, 0.000988935, 0), \
                           ValErr(0.160727, 0.0106373, 0), \
                           ValErr(-0.0160059, 0.0066537, 0), \
                           ValErr(9.4343e-05, 7.30225e-05, 0), \
                           ValErr(-0.000335279, 2.45572e-05, 0), \
                           ValErr(-4.59827e-05, 1.6625e-05, 0), \
                           4254.52, 440, 440, -nan)
reports[-1].sigmax = ValErr(0.0154197, 0.000515174, 0)
reports[-1].sigmay = ValErr(0.14637, 0.00491934, 0)
reports[-1].sigmadxdz = ValErr(0.000396656, 1.33561e-05, 0)
reports[-1].sigmadydz = ValErr(0, 0, 0)
reports[-1].add_stats(-0.00136569, 0.14412, -0.000378864, -0.0233194, -0.00241396, 0.140876, -0.000411528, -0.0221823, -0.00241396, 0.140876, -0.000411528, -0.0221823, -0.00195895, 0.140026, -0.000404716, -0.0224421, -0.00195895, 0.140026, -0.000404716, -0.0224421, 0.0157789, 0.146266, 0.000395979, 0.0240535, 0.0157789, 0.146266, 0.000395979, 0.0240535)
reports[-1].CovMatrix = ['9.77993e-07','4.86578e-06','-4.10362e-06','-4.73377e-09','4.38153e-09','-3.87732e-09','1.85012e-09','-7.5326e-08','1.89907e-10','0','0','0','4.86578e-06','0.000113152','-5.34151e-05','2.28579e-08','-1.71678e-08','9.12506e-09','-7.94866e-08','3.22118e-07','-1.71842e-09','0','0','0','-4.10362e-06','-5.34151e-05','4.42717e-05','2.66115e-08','1.47346e-08','-3.66871e-09','9.73844e-08','-3.60728e-07','1.3199e-09','0','0','0','-4.73377e-09','2.28579e-08','2.66115e-08','5.33229e-09','-2.53053e-11','4.80151e-10','3.17111e-09','-1.2901e-08','2.20706e-11','0','0','0','4.38153e-09','-1.71678e-08','1.47346e-08','-2.53053e-11','6.03054e-10','-2.57969e-10','6.05736e-10','-5.63091e-09','1.4124e-11','0','0','0','-3.87732e-09','9.12506e-09','-3.66871e-09','4.80151e-10','-2.57969e-10','2.76389e-10','2.07188e-11','1.82975e-09','-4.96846e-12','0','0','0','1.85012e-09','-7.94866e-08','9.73844e-08','3.17111e-09','6.05736e-10','2.07188e-11','2.65405e-07','1.56335e-08','-1.09187e-10','0','0','0','-7.5326e-08','3.22118e-07','-3.60728e-07','-1.2901e-08','-5.63091e-09','1.82975e-09','1.56335e-08','2.42001e-05','3.82709e-10','0','0','0','1.89907e-10','-1.71842e-09','1.3199e-09','2.20706e-11','1.4124e-11','-4.96846e-12','-1.09187e-10','3.82709e-10','1.78386e-10','0','0','0','0','0','0','0','0','0','0','0','0','0','0','0','0','0','0','0','0','0','0','0','0','0','0','0','0','0','0','0','0','0','0','0','0','0','0','0']

reports.append(Report(575963136, ("DT", -2, 1, 5), "MBwhAst1sec05"))
reports[-1].posNum = 0
reports[-1].negNum = 0
reports[-1].status = "TOOFEWHITS"

reports.append(Report(576225280, ("DT", -2, 1, 6), "MBwhAst1sec06"))
reports[-1].posNum = 0
reports[-1].negNum = 0
reports[-1].status = "TOOFEWHITS"

reports.append(Report(576487424, ("DT", -2, 1, 7), "MBwhAst1sec07"))
reports[-1].posNum = 563
reports[-1].negNum = 0
reports[-1].fittype = "6DOF"
reports[-1].add_parameters(ValErr(0.00215673, 0.000781965, 0), \
                           ValErr(0.072424, 0.00850348, 0), \
                           ValErr(-0.0282576, 0.00518995, 0), \
                           ValErr(-0.000323492, 5.52186e-05, 0), \
                           ValErr(-0.00010676, 1.99485e-05, 0), \
                           ValErr(-2.53136e-06, 1.44363e-05, 0), \
                           5603.23, 563, 563, -nan)
reports[-1].sigmax = ValErr(0.0134962, 0.000402489, 0)
reports[-1].sigmay = ValErr(0.141662, 0.0042184, 0)
reports[-1].sigmadxdz = ValErr(0.000352799, 1.02635e-05, 0)
reports[-1].sigmadydz = ValErr(0, 0, 0)
reports[-1].add_stats(0.000551701, 0.0443214, -7.42173e-05, -0.00720684, 0.000417094, 0.0432434, -7.70909e-05, -0.0073883, 0.000417094, 0.0432434, -7.70909e-05, -0.0073883, 0.000478007, 0.0473781, -7.24974e-05, -0.00800827, 0.000478007, 0.0473781, -7.24974e-05, -0.00800827, 0.0138157, 0.142233, 0.000357843, 0.0232424, 0.0138157, 0.142233, 0.000357843, 0.0232424)
reports[-1].CovMatrix = ['6.1147e-07','2.84605e-06','-2.37572e-06','-1.07327e-08','4.30074e-09','-4.73423e-09','-4.11642e-09','-6.65067e-08','9.72309e-11','0','0','0','2.84605e-06','7.23092e-05','-3.17841e-05','4.68641e-08','2.41418e-10','-1.03251e-09','-8.06342e-09','4.74205e-07','-2.88617e-09','0','0','0','-2.37572e-06','-3.17841e-05','2.69356e-05','6.15696e-08','5.63401e-09','7.52486e-09','3.22542e-08','1.59952e-07','2.25855e-10','0','0','0','-1.07327e-08','4.68641e-08','6.15696e-08','3.0491e-09','-1.7141e-10','3.46788e-10','-3.95821e-10','-5.58102e-09','1.26438e-10','0','0','0','4.30074e-09','2.41418e-10','5.63401e-09','-1.7141e-10','3.97944e-10','-2.00571e-10','-4.8884e-11','-3.98701e-09','1.23747e-11','0','0','0','-4.73423e-09','-1.03251e-09','7.52486e-09','3.46788e-10','-2.00571e-10','2.08408e-10','-3.53539e-11','1.46255e-09','6.49236e-12','0','0','0','-4.11642e-09','-8.06342e-09','3.22542e-08','-3.95821e-10','-4.8884e-11','-3.53539e-11','1.61997e-07','-1.55757e-08','1.81067e-11','0','0','0','-6.65067e-08','4.74205e-07','1.59952e-07','-5.58102e-09','-3.98701e-09','1.46255e-09','-1.55757e-08','1.7795e-05','1.0158e-09','0','0','0','9.72309e-11','-2.88617e-09','2.25855e-10','1.26438e-10','1.23747e-11','6.49236e-12','1.81067e-11','1.0158e-09','1.0534e-10','0','0','0','0','0','0','0','0','0','0','0','0','0','0','0','0','0','0','0','0','0','0','0','0','0','0','0','0','0','0','0','0','0','0','0','0','0','0','0']

reports.append(Report(576749568, ("DT", -2, 1, 8), "MBwhAst1sec08"))
reports[-1].posNum = 612
reports[-1].negNum = 0
reports[-1].fittype = "6DOF"
reports[-1].add_parameters(ValErr(-0.00707812, 0.00167098, 0), \
                           ValErr(0.0995577, 0.0148395, 0), \
                           ValErr(0.00523606, 0.0112009, 0), \
                           ValErr(0.000184317, 0.00010785, 0), \
                           ValErr(-8.7749e-05, 4.88676e-05, 0), \
                           ValErr(4.39614e-06, 2.84589e-05, 0), \
                           4851.78, 612, 612, -nan)
reports[-1].sigmax = ValErr(0.0306806, 0.000920717, 0)
reports[-1].sigmay = ValErr(0.151765, 0.00439063, 0)
reports[-1].sigmadxdz = ValErr(0.00109718, 3.32571e-05, 0)
reports[-1].sigmadydz = ValErr(0, 0, 0)
reports[-1].add_stats(-0.00142789, 0.0919131, 0.000115063, -0.010453, -0.00646891, 0.101712, -4.95982e-05, -0.0123493, -0.00646891, 0.101712, -4.95982e-05, -0.0123493, -0.00699791, 0.0987635, -2.89893e-05, -0.0117609, -0.00699791, 0.0987635, -2.89893e-05, -0.0117609, 0.0307505, 0.153114, 0.00109233, 0.025494, 0.0307505, 0.153114, 0.00109233, 0.025494)
reports[-1].CovMatrix = ['2.79218e-06','1.09157e-05','-9.5377e-06','3.47325e-09','2.13989e-08','-1.68061e-08','6.20902e-10','3.3186e-07','-2.10929e-09','0','0','0','1.09157e-05','0.000220212','-0.000148766','1.63742e-07','-1.05564e-07','4.23989e-08','-5.48877e-07','-9.28237e-07','2.38243e-08','0','0','0','-9.5377e-06','-0.000148766','0.000125459','3.93012e-08','6.83688e-08','-1.53662e-08','2.4891e-07','-2.58276e-07','-6.40514e-09','0','0','0','3.47325e-09','1.63742e-07','3.93012e-08','1.16316e-08','3.05232e-10','8.12913e-10','3.85569e-09','-2.04292e-08','4.56375e-11','0','0','0','2.13989e-08','-1.05564e-07','6.83688e-08','3.05232e-10','2.38804e-09','-6.83726e-10','1.75679e-09','2.07863e-08','-1.95061e-10','0','0','0','-1.68061e-08','4.23989e-08','-1.53662e-08','8.12913e-10','-6.83726e-10','8.09908e-10','1.82527e-09','-1.07587e-08','1.03683e-11','0','0','0','6.20902e-10','-5.48877e-07','2.4891e-07','3.85569e-09','1.75679e-09','1.82527e-09','8.4772e-07','4.91323e-08','-2.83188e-09','0','0','0','3.3186e-07','-9.28237e-07','-2.58276e-07','-2.04292e-08','2.07863e-08','-1.07587e-08','4.91323e-08','1.92777e-05','-3.84367e-09','0','0','0','-2.10929e-09','2.38243e-08','-6.40514e-09','4.56375e-11','-1.95061e-10','1.03683e-11','-2.83188e-09','-3.84367e-09','1.10604e-09','0','0','0','0','0','0','0','0','0','0','0','0','0','0','0','0','0','0','0','0','0','0','0','0','0','0','0','0','0','0','0','0','0','0','0','0','0','0','0']

reports.append(Report(577011712, ("DT", -2, 1, 9), "MBwhAst1sec09"))
reports[-1].posNum = 331
reports[-1].negNum = 0
reports[-1].fittype = "6DOF"
reports[-1].add_parameters(ValErr(-0.00131896, 0.00120387, 0), \
                           ValErr(0.0994223, 0.0117851, 0), \
                           ValErr(2.10044e-05, 0.00736227, 0), \
                           ValErr(-7.08533e-06, 7.86436e-05, 0), \
                           ValErr(-7.86825e-07, 2.51999e-05, 0), \
                           ValErr(-5.46364e-05, 1.86955e-05, 0), \
                           3314.29, 331, 331, -nan)
reports[-1].sigmax = ValErr(0.0143009, 0.00055802, 0)
reports[-1].sigmay = ValErr(0.140554, 0.00549201, 0)
reports[-1].sigmadxdz = ValErr(0.000315871, 1.23696e-05, 0)
reports[-1].sigmadydz = ValErr(0, 0, 0)
reports[-1].add_stats(-0.00114823, 0.10451, -7.10803e-05, -0.016658, -0.00210025, 0.099213, -6.2042e-05, -0.016225, -0.00210025, 0.099213, -6.2042e-05, -0.016225, -0.002622, 0.10455, -5.62815e-05, -0.0168689, -0.002622, 0.10455, -5.62815e-05, -0.0168689, 0.014595, 0.140393, 0.00031574, 0.0226412, 0.014595, 0.140393, 0.00031574, 0.0226412)
reports[-1].CovMatrix = ['1.4493e-06','7.38651e-06','-6.14625e-06','-1.67126e-08','9.19964e-09','-9.6567e-09','-3.60825e-08','1.93246e-07','1.27159e-10','0','0','0','7.38651e-06','0.000138889','-6.52419e-05','-7.10979e-09','2.4295e-08','-3.07323e-08','-1.3551e-07','1.13233e-06','-4.20838e-10','0','0','0','-6.14625e-06','-6.52419e-05','5.42031e-05','6.62373e-08','-1.29796e-08','2.8666e-08','1.95689e-07','-9.72403e-07','-4.99216e-10','0','0','0','-1.67126e-08','-7.10979e-09','6.62373e-08','6.18481e-09','1.16358e-11','7.00325e-10','5.91543e-09','-3.93141e-08','-4.86543e-11','0','0','0','9.19964e-09','2.4295e-08','-1.29796e-08','1.16358e-11','6.35033e-10','-3.06542e-10','-3.26424e-10','3.02332e-09','-4.3967e-12','0','0','0','-9.6567e-09','-3.07323e-08','2.8666e-08','7.00325e-10','-3.06542e-10','3.49522e-10','9.67632e-10','-6.12842e-09','-7.11377e-12','0','0','0','-3.60825e-08','-1.3551e-07','1.95689e-07','5.91543e-09','-3.26424e-10','9.67632e-10','3.11387e-07','-6.46387e-08','-5.80036e-11','0','0','0','1.93246e-07','1.13233e-06','-9.72403e-07','-3.93141e-08','3.02332e-09','-6.12842e-09','-6.46387e-08','3.01624e-05','-3.72116e-10','0','0','0','1.27159e-10','-4.20838e-10','-4.99216e-10','-4.86543e-11','-4.3967e-12','-7.11377e-12','-5.80036e-11','-3.72116e-10','1.53007e-10','0','0','0','0','0','0','0','0','0','0','0','0','0','0','0','0','0','0','0','0','0','0','0','0','0','0','0','0','0','0','0','0','0','0','0','0','0','0','0']

reports.append(Report(577273856, ("DT", -2, 1, 10), "MBwhAst1sec10"))
reports[-1].posNum = 292
reports[-1].negNum = 0
reports[-1].fittype = "6DOF"
reports[-1].add_parameters(ValErr(0.00381536, 0.0018449, 0), \
                           ValErr(0.150286, 0.0196297, 0), \
                           ValErr(-0.0368122, 0.013982, 0), \
                           ValErr(0.000297861, 0.000116024, 0), \
                           ValErr(-0.000484398, 4.30726e-05, 0), \
                           ValErr(-1.45355e-05, 2.86691e-05, 0), \
                           2571.9, 292, 292, -nan)
reports[-1].sigmax = ValErr(0.0249218, 0.00103836, 0)
reports[-1].sigmay = ValErr(0.160057, 0.00664078, 0)
reports[-1].sigmadxdz = ValErr(0.000531159, 2.201e-05, 0)
reports[-1].sigmadydz = ValErr(0, 0, 0)
reports[-1].add_stats(0.00125685, 0.0945924, -0.000513426, -0.0115877, 0.00290852, 0.103518, -0.000552265, -0.015188, 0.00290852, 0.103518, -0.000552265, -0.015188, 0.00209103, 0.0928764, -0.000572784, -0.0142968, 0.00209103, 0.0928764, -0.000572784, -0.0142968, 0.0251726, 0.160849, 0.000528463, 0.0260513, 0.0251726, 0.160849, 0.000528463, 0.0260513)
reports[-1].CovMatrix = ['3.40366e-06','1.91082e-05','-1.55404e-05','2.59231e-08','9.02292e-10','2.90518e-09','-4.77938e-08','4.58618e-08','2.12807e-10','0','0','0','1.91082e-05','0.000385325','-0.000241599','2.49122e-07','-1.17798e-07','8.79914e-08','-7.04071e-07','1.33772e-06','6.65626e-09','0','0','0','-1.55404e-05','-0.000241599','0.000195497','-2.64149e-07','8.02126e-08','-6.9914e-08','5.70153e-07','-1.51413e-06','-2.05534e-09','0','0','0','2.59231e-08','2.49122e-07','-2.64149e-07','1.34617e-08','1.21912e-11','1.0405e-09','-3.7766e-09','-2.89999e-08','1.48959e-10','0','0','0','9.02292e-10','-1.17798e-07','8.02126e-08','1.21912e-11','1.85525e-09','-8.43546e-10','1.94671e-09','-1.5874e-08','9.39419e-12','0','0','0','2.90518e-09','8.79914e-08','-6.9914e-08','1.0405e-09','-8.43546e-10','8.2192e-10','-2.11451e-09','6.54277e-09','2.51736e-11','0','0','0','-4.77938e-08','-7.04071e-07','5.70153e-07','-3.7766e-09','1.94671e-09','-2.11451e-09','1.0782e-06','-4.25608e-08','-4.01564e-11','0','0','0','4.58618e-08','1.33772e-06','-1.51413e-06','-2.89999e-08','-1.5874e-08','6.54277e-09','-4.25608e-08','4.41004e-05','3.25977e-11','0','0','0','2.12807e-10','6.65626e-09','-2.05534e-09','1.48959e-10','9.39419e-12','2.51736e-11','-4.01564e-11','3.25977e-11','4.84441e-10','0','0','0','0','0','0','0','0','0','0','0','0','0','0','0','0','0','0','0','0','0','0','0','0','0','0','0','0','0','0','0','0','0','0','0','0','0','0','0']

reports.append(Report(577536000, ("DT", -2, 1, 11), "MBwhAst1sec11"))
reports[-1].posNum = 433
reports[-1].negNum = 0
reports[-1].fittype = "6DOF"
reports[-1].add_parameters(ValErr(0.00648029, 0.00207659, 0), \
                           ValErr(0.1624, 0.0188207, 0), \
                           ValErr(-0.0720382, 0.0140384, 0), \
                           ValErr(0.000136694, 0.000102393, 0), \
                           ValErr(-0.00123866, 5.76586e-05, 0), \
                           ValErr(-0.00011492, 2.98367e-05, 0), \
                           3406.79, 433, 433, -nan)
reports[-1].sigmax = ValErr(0.0311387, 0.00105316, 0)
reports[-1].sigmay = ValErr(0.153579, 0.00441198, 0)
reports[-1].sigmadxdz = ValErr(0.00113418, 3.91249e-05, 0)
reports[-1].sigmadydz = ValErr(0, 0, 0)
reports[-1].add_stats(0.00115105, 0.0741066, -0.00140508, -0.0102667, 0.00414329, 0.0804427, -0.00156607, -0.0117277, 0.00414329, 0.0804427, -0.00156607, -0.0117277, 0.00514434, 0.0895328, -0.00155993, -0.0128645, 0.00514434, 0.0895328, -0.00155993, -0.0128645, 0.0310456, 0.148234, 0.00111726, 0.0233895, 0.0310456, 0.148234, 0.00111726, 0.0233895)
reports[-1].CovMatrix = ['4.31224e-06','2.4038e-05','-1.92559e-05','1.82984e-08','1.88156e-08','-1.31361e-08','-2.77598e-08','-9.38172e-07','2.28921e-09','0','0','0','2.4038e-05','0.000354217','-0.000241741','2.83038e-07','-3.69552e-08','-2.77774e-08','-6.65235e-07','-1.08567e-06','5.1627e-09','0','0','0','-1.92559e-05','-0.000241741','0.000197077','-1.56446e-07','5.29098e-08','2.29286e-08','5.76845e-07','-1.11189e-06','2.90189e-09','0','0','0','1.82984e-08','2.83038e-07','-1.56446e-07','1.04843e-08','6.189e-10','7.03847e-10','5.96595e-09','4.79246e-08','2.1356e-10','0','0','0','1.88156e-08','-3.69552e-08','5.29098e-08','6.189e-10','3.32452e-09','-7.64066e-10','4.12796e-09','-4.12963e-08','3.08321e-10','0','0','0','-1.31361e-08','-2.77774e-08','2.29286e-08','7.03847e-10','-7.64066e-10','8.90229e-10','-4.45471e-09','2.82872e-08','2.7247e-11','0','0','0','-2.77598e-08','-6.65235e-07','5.76845e-07','5.96595e-09','4.12796e-09','-4.45471e-09','1.10914e-06','-3.35807e-11','-3.54656e-11','0','0','0','-9.38172e-07','-1.08567e-06','-1.11189e-06','4.79246e-08','-4.12963e-08','2.82872e-08','-3.35807e-11','1.94657e-05','-2.24612e-09','0','0','0','2.28921e-09','5.1627e-09','2.90189e-09','2.1356e-10','3.08321e-10','2.7247e-11','-3.54656e-11','-2.24612e-09','1.53076e-09','0','0','0','0','0','0','0','0','0','0','0','0','0','0','0','0','0','0','0','0','0','0','0','0','0','0','0','0','0','0','0','0','0','0','0','0','0','0','0']

reports.append(Report(577798144, ("DT", -2, 1, 12), "MBwhAst1sec12"))
reports[-1].posNum = 540
reports[-1].negNum = 0
reports[-1].fittype = "6DOF"
reports[-1].add_parameters(ValErr(0.00918545, 0.00201588, 0), \
                           ValErr(0.158994, 0.0169755, 0), \
                           ValErr(-0.0846029, 0.0128479, 0), \
                           ValErr(0.00024127, 0.000101363, 0), \
                           ValErr(-0.00123651, 5.02004e-05, 0), \
                           ValErr(-5.85155e-05, 3.09704e-05, 0), \
                           4307.27, 540, 540, -nan)
reports[-1].sigmax = ValErr(0.0326103, 0.00107041, 0)
reports[-1].sigmay = ValErr(0.147148, 0.00475221, 0)
reports[-1].sigmadxdz = ValErr(0.00101405, 3.21927e-05, 0)
reports[-1].sigmadydz = ValErr(0, 0, 0)
reports[-1].add_stats(0.000380061, 0.0575871, -0.00136678, -0.00786825, 0.00580412, 0.0572011, -0.00154, -0.00803158, 0.00580412, 0.0572011, -0.00154, -0.00803158, 0.00464112, 0.0568711, -0.00152261, -0.00805291, 0.00464112, 0.0568711, -0.00152261, -0.00805291, 0.0316331, 0.136718, 0.000991279, 0.0220863, 0.0316331, 0.136718, 0.000991279, 0.0220863)
reports[-1].CovMatrix = ['4.06377e-06','1.78607e-05','-1.55948e-05','1.05478e-08','1.36444e-08','-1.00045e-08','-4.30292e-08','-2.25151e-07','-2.53004e-09','0','0','0','1.78607e-05','0.000288168','-0.000198425','2.4323e-07','-8.49133e-08','2.94885e-08','1.13567e-07','1.3919e-06','1.40218e-10','0','0','0','-1.55948e-05','-0.000198425','0.000165068','-8.10046e-08','9.13696e-08','-3.41327e-08','4.89674e-07','-3.11945e-06','1.20373e-08','0','0','0','1.05478e-08','2.4323e-07','-8.10046e-08','1.02744e-08','2.67683e-10','8.20701e-10','-1.52655e-09','-1.78513e-08','1.60991e-10','0','0','0','1.36444e-08','-8.49133e-08','9.13696e-08','2.67683e-10','2.52008e-09','-8.13647e-10','7.01528e-09','-6.9813e-08','3.03027e-10','0','0','0','-1.00045e-08','2.94885e-08','-3.41327e-08','8.20701e-10','-8.13647e-10','9.59167e-10','-9.98698e-09','3.48852e-08','5.97887e-12','0','0','0','-4.30292e-08','1.13567e-07','4.89674e-07','-1.52655e-09','7.01528e-09','-9.98698e-09','1.14579e-06','-4.46761e-07','8.97897e-10','0','0','0','-2.25151e-07','1.3919e-06','-3.11945e-06','-1.78513e-08','-6.9813e-08','3.48852e-08','-4.46761e-07','2.25836e-05','-9.35364e-09','0','0','0','-2.53004e-09','1.40218e-10','1.20373e-08','1.60991e-10','3.03027e-10','5.97887e-12','8.97897e-10','-9.35364e-09','1.03637e-09','0','0','0','0','0','0','0','0','0','0','0','0','0','0','0','0','0','0','0','0','0','0','0','0','0','0','0','0','0','0','0','0','0','0','0','0','0','0','0']

reports.append(Report(579108864, ("DT", -2, 2, 1), "MBwhAst2sec01"))
reports[-1].posNum = 669
reports[-1].negNum = 0
reports[-1].fittype = "6DOF"
reports[-1].add_parameters(ValErr(0.0012616, 9.80894e-05, 0), \
                           ValErr(-0.00307973, 0.00489713, 0), \
                           ValErr(-0.000263256, 0.000679487, 0), \
                           ValErr(2.7327e-06, 1.29613e-05, 0), \
                           ValErr(8.98631e-05, 1.01086e-05, 0), \
                           ValErr(-5.13969e-06, 1.63379e-06, 0), \
                           7817.81, 669, 669, -nan)
reports[-1].sigmax = ValErr(0.00193571, 4.89308e-05, 0)
reports[-1].sigmay = ValErr(0.139548, 0.00381784, 0)
reports[-1].sigmadxdz = ValErr(0.000441194, 1.36215e-05, 0)
reports[-1].sigmadydz = ValErr(0, 0, 0)
reports[-1].add_stats(0.000506862, 0.00239757, 0.000148519, 0.0013943, 0.000658531, -0.00340065, 0.000199477, 0.001777, 0.000658531, -0.00340065, 0.000199477, 0.001777, 0.000592603, 0.00338466, 0.00018166, 0.000642734, 0.000592603, 0.00338466, 0.00018166, 0.000642734, 0.00193972, 0.139063, 0.000425991, 0.0234706, 0.00193972, 0.139063, 0.000425991, 0.0234706)
reports[-1].CovMatrix = ['9.62153e-09','1.39853e-08','5.70468e-09','-1.50658e-11','5.76272e-10','-1.48841e-11','-1.66037e-10','2.22801e-08','-1.3013e-10','0','0','0','1.39853e-08','2.39819e-05','-6.33576e-07','-1.25512e-08','6.51425e-09','1.25765e-09','2.6729e-08','-5.75514e-07','-4.39861e-09','0','0','0','5.70468e-09','-6.33576e-07','4.61703e-07','5.50138e-10','-1.76996e-09','-7.61258e-11','-1.02192e-09','-5.62178e-08','1.72557e-10','0','0','0','-1.50658e-11','-1.25512e-08','5.50138e-10','1.67996e-10','-1.28084e-11','-4.04689e-12','-4.24842e-11','2.82786e-10','2.03809e-11','0','0','0','5.76272e-10','6.51425e-09','-1.76996e-09','-1.28084e-11','1.02183e-10','-9.68491e-13','4.36471e-11','1.75777e-09','-2.8101e-11','0','0','0','-1.48841e-11','1.25765e-09','-7.61258e-11','-4.04689e-12','-9.68491e-13','2.66927e-12','6.61215e-12','-8.1085e-11','1.64997e-12','0','0','0','-1.66037e-10','2.6729e-08','-1.02192e-09','-4.24842e-11','4.36471e-11','6.61215e-12','2.39422e-09','1.41947e-08','-7.58037e-12','0','0','0','2.22801e-08','-5.75514e-07','-5.62178e-08','2.82786e-10','1.75777e-09','-8.1085e-11','1.41947e-08','1.45759e-05','4.75102e-10','0','0','0','-1.3013e-10','-4.39861e-09','1.72557e-10','2.03809e-11','-2.8101e-11','1.64997e-12','-7.58037e-12','4.75102e-10','1.85546e-10','0','0','0','0','0','0','0','0','0','0','0','0','0','0','0','0','0','0','0','0','0','0','0','0','0','0','0','0','0','0','0','0','0','0','0','0','0','0','0']

reports.append(Report(579371008, ("DT", -2, 2, 2), "MBwhAst2sec02"))
reports[-1].posNum = 569
reports[-1].negNum = 0
reports[-1].fittype = "6DOF"
reports[-1].add_parameters(ValErr(0.000882019, 0.000141624, 0), \
                           ValErr(0.0148938, 0.00657398, 0), \
                           ValErr(-0.00337736, 0.000888323, 0), \
                           ValErr(2.30747e-05, 1.97043e-05, 0), \
                           ValErr(0.000198084, 1.63662e-05, 0), \
                           ValErr(2.11148e-05, 2.24439e-06, 0), \
                           6499.45, 569, 569, -nan)
reports[-1].sigmax = ValErr(0.0024336, 8.30244e-05, 0)
reports[-1].sigmay = ValErr(0.142681, 0.0043751, 0)
reports[-1].sigmadxdz = ValErr(0.000446604, 1.59438e-05, 0)
reports[-1].sigmadydz = ValErr(0, 0, 0)
reports[-1].add_stats(-0.00011754, 0.0102633, 0.000429756, -0.000938163, -0.000170658, 0.0109651, 0.000437104, -0.000637688, -0.000170658, 0.0109651, 0.000437104, -0.000637688, 3.26242e-06, 0.00456029, 0.000421921, 0.00084948, 3.26242e-06, 0.00456029, 0.000421921, 0.00084948, 0.00241739, 0.141022, 0.000391307, 0.0244577, 0.00241739, 0.141022, 0.000391307, 0.0244577)
reports[-1].CovMatrix = ['2.00575e-08','-3.0801e-08','5.66605e-10','1.1915e-10','1.47222e-09','-3.39257e-11','3.54329e-09','-5.37553e-08','-6.79129e-10','0','0','0','-3.0801e-08','4.32173e-05','-8.33243e-07','-1.63525e-08','6.4606e-09','9.2657e-10','-2.92463e-08','2.76162e-06','-1.2578e-08','0','0','0','5.66605e-10','-8.33243e-07','7.89118e-07','2.14388e-09','-3.66746e-09','-3.49971e-10','-9.2463e-09','4.86481e-08','2.23524e-09','0','0','0','1.1915e-10','-1.63525e-08','2.14388e-09','3.88258e-10','-4.36897e-11','-1.17742e-11','6.00477e-13','-1.48528e-09','4.22391e-11','0','0','0','1.47222e-09','6.4606e-09','-3.66746e-09','-4.36897e-11','2.67854e-10','-1.40704e-12','6.184e-10','-3.37415e-09','-1.32971e-10','0','0','0','-3.39257e-11','9.2657e-10','-3.49971e-10','-1.17742e-11','-1.40704e-12','5.03728e-12','1.12545e-11','4.10835e-10','-1.90971e-12','0','0','0','3.54329e-09','-2.92463e-08','-9.2463e-09','6.00477e-13','6.184e-10','1.12545e-11','6.89305e-09','-3.07841e-08','-2.57626e-10','0','0','0','-5.37553e-08','2.76162e-06','4.86481e-08','-1.48528e-09','-3.37415e-09','4.10835e-10','-3.07841e-08','1.91416e-05','-2.15776e-09','0','0','0','-6.79129e-10','-1.2578e-08','2.23524e-09','4.22391e-11','-1.32971e-10','-1.90971e-12','-2.57626e-10','-2.15776e-09','2.54206e-10','0','0','0','0','0','0','0','0','0','0','0','0','0','0','0','0','0','0','0','0','0','0','0','0','0','0','0','0','0','0','0','0','0','0','0','0','0','0','0']

reports.append(Report(579633152, ("DT", -2, 2, 3), "MBwhAst2sec03"))
reports[-1].posNum = 607
reports[-1].negNum = 0
reports[-1].fittype = "6DOF"
reports[-1].add_parameters(ValErr(0.00383347, 0.000228556, 0), \
                           ValErr(0.0309328, 0.00617272, 0), \
                           ValErr(-0.00560085, 0.00145379, 0), \
                           ValErr(4.4586e-05, 2.94425e-05, 0), \
                           ValErr(0.000419014, 2.51703e-05, 0), \
                           ValErr(1.02958e-05, 3.64643e-06, 0), \
                           6374.88, 607, 607, -nan)
reports[-1].sigmax = ValErr(0.00384827, 0.000128045, 0)
reports[-1].sigmay = ValErr(0.147792, 0.00426035, 0)
reports[-1].sigmadxdz = ValErr(0.000684372, 2.36404e-05, 0)
reports[-1].sigmadydz = ValErr(0, 0, 0)
reports[-1].add_stats(0.00109722, 0.0277823, 0.000675644, -0.00348365, 0.00154631, 0.0239324, 0.000793159, -0.00286103, 0.00154631, 0.0239324, 0.000793159, -0.00286103, 0.00159467, 0.0236852, 0.000794081, -0.0027755, 0.00159467, 0.0236852, 0.000794081, -0.0027755, 0.00363233, 0.143925, 0.000583762, 0.0241957, 0.00363233, 0.143925, 0.000583762, 0.0241957)
reports[-1].CovMatrix = ['5.22379e-08','-9.2078e-09','1.79932e-08','9.13468e-11','3.7392e-09','-2.33984e-10','8.92507e-09','-5.71927e-08','-1.8345e-09','0','0','0','-9.2078e-09','3.81025e-05','-2.06594e-06','-6.372e-10','1.09547e-08','7.69693e-11','2.7758e-08','-2.16591e-07','-5.77016e-09','0','0','0','1.79932e-08','-2.06594e-06','2.11352e-06','9.74738e-09','-1.03172e-08','-4.70935e-10','-2.56044e-08','1.96116e-07','5.48768e-09','0','0','0','9.13468e-11','-6.372e-10','9.74738e-09','8.6686e-10','-7.85507e-11','-3.36263e-11','-1.40247e-10','3.96561e-09','4.39766e-11','0','0','0','3.7392e-09','1.09547e-08','-1.03172e-08','-7.85507e-11','6.33545e-10','-5.15884e-12','1.60242e-09','-9.66059e-09','-3.27781e-10','0','0','0','-2.33984e-10','7.69693e-11','-4.70935e-10','-3.36263e-11','-5.15884e-12','1.32964e-11','2.53851e-11','1.32679e-10','-3.88054e-12','0','0','0','8.92507e-09','2.7758e-08','-2.56044e-08','-1.40247e-10','1.60242e-09','2.53851e-11','1.63954e-08','-2.36758e-08','-8.50836e-10','0','0','0','-5.71927e-08','-2.16591e-07','1.96116e-07','3.96561e-09','-9.66059e-09','1.32679e-10','-2.36758e-08','1.81506e-05','4.92003e-09','0','0','0','-1.8345e-09','-5.77016e-09','5.48768e-09','4.39766e-11','-3.27781e-10','-3.88054e-12','-8.50836e-10','4.92003e-09','5.58869e-10','0','0','0','0','0','0','0','0','0','0','0','0','0','0','0','0','0','0','0','0','0','0','0','0','0','0','0','0','0','0','0','0','0','0','0','0','0','0','0']

reports.append(Report(579895296, ("DT", -2, 2, 4), "MBwhAst2sec04"))
reports[-1].posNum = 581
reports[-1].negNum = 0
reports[-1].fittype = "6DOF"
reports[-1].add_parameters(ValErr(0.000916021, 0.000115565, 0), \
                           ValErr(0.0569575, 0.00788796, 0), \
                           ValErr(-0.00198075, 0.000818886, 0), \
                           ValErr(-2.66819e-05, 1.78357e-05, 0), \
                           ValErr(9.49167e-05, 1.2377e-05, 0), \
                           ValErr(-1.18788e-06, 2.1981e-06, 0), \
                           6680.82, 581, 581, -nan)
reports[-1].sigmax = ValErr(0.00208354, 6.19832e-05, 0)
reports[-1].sigmay = ValErr(0.152718, 0.0047618, 0)
reports[-1].sigmadxdz = ValErr(0.000451571, 1.39429e-05, 0)
reports[-1].sigmadydz = ValErr(0, 0, 0)
reports[-1].add_stats(0.000305025, 0.0537893, 0.000140929, -0.00712726, 0.000438512, 0.0549642, 0.00017833, -0.00788364, 0.000438512, 0.0549642, 0.00017833, -0.00788364, 0.000446984, 0.0568296, 0.000153119, -0.00802057, 0.000446984, 0.0568296, 0.000153119, -0.00802057, 0.00207621, 0.152363, 0.000443517, 0.0254301, 0.00207621, 0.152363, 0.000443517, 0.0254301)
reports[-1].CovMatrix = ['1.33554e-08','-1.32035e-08','1.61183e-08','4.74186e-11','8.23259e-10','-5.5873e-11','5.67813e-10','1.18289e-08','-1.84412e-10','0','0','0','-1.32035e-08','6.22199e-05','-7.35825e-07','2.08398e-09','8.25047e-10','-5.98848e-11','-5.97864e-08','-3.39693e-06','5.16028e-09','0','0','0','1.61183e-08','-7.35825e-07','6.70574e-07','1.51995e-09','-2.12125e-09','-2.30169e-10','-1.89193e-09','-9.43031e-08','7.17654e-10','0','0','0','4.74186e-11','2.08398e-09','1.51995e-09','3.18111e-10','-4.04486e-11','-1.59391e-11','-2.55702e-11','3.07983e-09','3.24089e-12','0','0','0','8.23259e-10','8.25047e-10','-2.12125e-09','-4.04486e-11','1.5319e-10','-9.46916e-13','1.1139e-10','3.99947e-10','-3.35819e-11','0','0','0','-5.5873e-11','-5.98848e-11','-2.30169e-10','-1.59391e-11','-9.46916e-13','4.83166e-12','4.56527e-12','-1.12529e-11','-4.38376e-13','0','0','0','5.67813e-10','-5.97864e-08','-1.89193e-09','-2.55702e-11','1.1139e-10','4.56527e-12','3.84192e-09','9.02072e-09','-6.0076e-11','0','0','0','1.18289e-08','-3.39693e-06','-9.43031e-08','3.07983e-09','3.99947e-10','-1.12529e-11','9.02072e-09','2.26749e-05','-6.12481e-09','0','0','0','-1.84412e-10','5.16028e-09','7.17654e-10','3.24089e-12','-3.35819e-11','-4.38376e-13','-6.0076e-11','-6.12481e-09','1.94404e-10','0','0','0','0','0','0','0','0','0','0','0','0','0','0','0','0','0','0','0','0','0','0','0','0','0','0','0','0','0','0','0','0','0','0','0','0','0','0','0']

reports.append(Report(580157440, ("DT", -2, 2, 5), "MBwhAst2sec05"))
reports[-1].posNum = 458
reports[-1].negNum = 0
reports[-1].fittype = "6DOF"
reports[-1].add_parameters(ValErr(-0.00162905, 0.000152475, 0), \
                           ValErr(0.0369134, 0.00650983, 0), \
                           ValErr(-0.000682562, 0.00081328, 0), \
                           ValErr(-4.02692e-06, 1.97797e-05, 0), \
                           ValErr(-0.000213393, 2.17563e-05, 0), \
                           ValErr(-2.10251e-05, 3.40496e-06, 0), \
                           5160.88, 458, 458, -nan)
reports[-1].sigmax = ValErr(0.00225817, 8.77152e-05, 0)
reports[-1].sigmay = ValErr(0.13772, 0.004562, 0)
reports[-1].sigmadxdz = ValErr(0.000581827, 2.37977e-05, 0)
reports[-1].sigmadydz = ValErr(0, 0, 0)
