nan = None;  NAN = None
nan = 0
reports = []
class ValErr:
    def __init__(self, value, error, antisym):
        self.value, self.error, self.antisym = value, error, antisym

    def __repr__(self):
        if self.antisym == 0.:
            return "%g +- %g" % (self.value, self.error)
        else:
            return "%g +- %g ~ %g" % (self.value, self.error, self.antisym)

class Report:
    def __init__(self, chamberId, postal_address, name):
        self.chamberId, self.postal_address, self.name = chamberId, postal_address, name
        self.status = "NOFIT"
        self.fittype = None
        self.CovMatrix = None

    def add_parameters(self, deltax, deltay, deltaz, deltaphix, deltaphiy, deltaphiz, loglikelihood, numsegments, sumofweights, redchi2):
        self.status = "PASS"
        self.deltax, self.deltay, self.deltaz, self.deltaphix, self.deltaphiy, self.deltaphiz = deltax, deltay, deltaz, deltaphix, deltaphiy, deltaphiz
        self.loglikelihood, self.numsegments, self.sumofweights, self.redchi2 = loglikelihood, numsegments, sumofweights, redchi2

    def add_stats(self, median_x, median_y, median_dxdz, median_dydz, mean30_x, mean30_y, mean20_dxdz, mean50_dydz, mean15_x, mean15_y, mean10_dxdz, mean25_dydz, wmean30_x, wmean30_y, wmean20_dxdz, wmean50_dydz, wmean15_x, wmean15_y, wmean10_dxdz, wmean25_dydz, stdev30_x, stdev30_y, stdev20_dxdz, stdev50_dydz, stdev15_x, stdev15_y, stdev10_dxdz, stdev25_dydz):
        self.median_x, self.median_y, self.median_dxdz, self.median_dydz, self.mean30_x, self.mean30_y, self.mean20_dxdz, self.mean50_dydz, self.mean15_x, self.mean15_y, self.mean10_dxdz, self.mean25_dydz, self.wmean30_x, self.wmean30_y, self.wmean20_dxdz, self.wmean50_dydz, self.wmean15_x, self.wmean15_y, self.wmean10_dxdz, self.wmean25_dydz, self.stdev30_x, self.stdev30_y, self.stdev20_dxdz, self.stdev50_dydz, self.stdev15_x, self.stdev15_y, self.stdev10_dxdz, self.stdev25_dydz = median_x, median_y, median_dxdz, median_dydz, mean30_x, mean30_y, mean20_dxdz, mean50_dydz, mean15_x, mean15_y, mean10_dxdz, mean25_dydz, wmean30_x, wmean30_y, wmean20_dxdz, wmean50_dydz, wmean15_x, wmean15_y, wmean10_dxdz, wmean25_dydz, stdev30_x, stdev30_y, stdev20_dxdz, stdev50_dydz, stdev15_x, stdev15_y, stdev10_dxdz, stdev25_dydz

    def __repr__(self):
        return "<Report %s %s %s>" % (self.postal_address[0], " ".join(map(str, self.postal_address[1:])), self.status)

reports.append(Report(574914560, ("DT", -2, 1, 1), "MBwhAst1sec01"))
reports[-1].posNum = 428
reports[-1].negNum = 0
reports[-1].fittype = "6DOF"
reports[-1].add_parameters(ValErr(-0.0014643, 0.0015254, 0), \
                           ValErr(0.0793879, 0.0129793, 0), \
                           ValErr(0.0026271, 0.0097038, 0), \
                           ValErr(0.000259169, 8.16822e-05, 0), \
                           ValErr(-9.29193e-05, 3.66633e-05, 0), \
                           ValErr(6.60874e-05, 2.32015e-05, 0), \
                           3851.71, 428, 428, -nan)
reports[-1].sigmax = ValErr(0.0232598, 0.000800583, 0)
reports[-1].sigmay = ValErr(0.11381, 0.00392883, 0)
reports[-1].sigmadxdz = ValErr(0.000660918, 2.26776e-05, 0)
reports[-1].sigmadydz = ValErr(0, 0, 0)
reports[-1].add_stats(-0.00131082, 0.0916103, -1.58218e-05, -0.0129348, -2.23641e-05, 0.079938, -9.35582e-06, -0.0123833, -2.23641e-05, 0.079938, -9.35582e-06, -0.0123833, -0.000218019, 0.0872176, -5.16305e-05, -0.0133417, -0.000218019, 0.0872176, -5.16305e-05, -0.0133417, 0.0231316, 0.117322, 0.000657892, 0.0183005, 0.0231316, 0.117322, 0.000657892, 0.0183005)
reports[-1].CovMatrix = ['2.32683e-06','1.08706e-05','-8.94925e-06','2.61151e-09','1.09565e-08','-8.95137e-09','-4.5116e-08','2.20365e-07','5.65413e-11','0','0','0','1.08706e-05','0.000168463','-0.000113674','1.2286e-07','-3.16086e-08','1.18313e-08','-8.45682e-08','-9.22697e-08','3.34493e-09','0','0','0','-8.94925e-06','-0.000113674','9.41637e-05','-3.61935e-08','3.25917e-08','-6.52114e-09','7.87601e-08','-4.32978e-08','-2.1223e-09','0','0','0','2.61151e-09','1.2286e-07','-3.61935e-08','6.67199e-09','1.23783e-10','5.91966e-10','1.88529e-09','-2.18568e-08','7.8138e-11','0','0','0','1.09565e-08','-3.16086e-08','3.25917e-08','1.23783e-10','1.34419e-09','-4.65296e-10','-1.80531e-09','1.63242e-08','-4.23943e-11','0','0','0','-8.95137e-09','1.18313e-08','-6.52114e-09','5.91966e-10','-4.65296e-10','5.38311e-10','2.16883e-09','-1.04694e-08','-3.07228e-13','0','0','0','-4.5116e-08','-8.45682e-08','7.87601e-08','1.88529e-09','-1.80531e-09','2.16883e-09','6.40934e-07','-4.06921e-08','-1.48589e-11','0','0','0','2.20365e-07','-9.22697e-08','-4.32978e-08','-2.18568e-08','1.63242e-08','-1.04694e-08','-4.06921e-08','1.54358e-05','-6.1597e-10','0','0','0','5.65413e-11','3.34493e-09','-2.1223e-09','7.8138e-11','-4.23943e-11','-3.07228e-13','-1.48589e-11','-6.1597e-10','5.14275e-10','0','0','0','0','0','0','0','0','0','0','0','0','0','0','0','0','0','0','0','0','0','0','0','0','0','0','0','0','0','0','0','0','0','0','0','0','0','0','0']

reports.append(Report(575176704, ("DT", -2, 1, 2), "MBwhAst1sec02"))
reports[-1].posNum = 315
reports[-1].negNum = 0
reports[-1].fittype = "6DOF"
reports[-1].add_parameters(ValErr(-0.00744752, 0.00243744, 0), \
                           ValErr(0.0811452, 0.0205952, 0), \
                           ValErr(0.00413569, 0.0160351, 0), \
                           ValErr(0.000275592, 0.000108105, 0), \
                           ValErr(-0.000193786, 5.11875e-05, 0), \
                           ValErr(0.000105647, 3.36652e-05, 0), \
                           2662.63, 315, 315, -nan)
reports[-1].sigmax = ValErr(0.0317584, 0.00126782, 0)
reports[-1].sigmay = ValErr(0.12478, 0.00498731, 0)
reports[-1].sigmadxdz = ValErr(0.000762585, 3.04132e-05, 0)
reports[-1].sigmadydz = ValErr(0, 0, 0)
reports[-1].add_stats(-0.00208855, 0.0754689, 1.57291e-05, -0.0118925, -0.00431879, 0.0803933, -8.06117e-05, -0.0120968, -0.00431879, 0.0803933, -8.06117e-05, -0.0120968, -0.00462277, 0.073408, -8.63421e-05, -0.0105899, -0.00462277, 0.073408, -8.63421e-05, -0.0105899, 0.0317969, 0.128684, 0.00076088, 0.0203513, 0.0317969, 0.128684, 0.00076088, 0.0203513)
reports[-1].CovMatrix = ['5.9411e-06','2.71807e-05','-2.26817e-05','1.20686e-08','3.03992e-08','-2.77966e-08','-6.54746e-08','2.63343e-07','7.98988e-11','0','0','0','2.71807e-05','0.000424162','-0.000308509','3.86347e-07','-4.47412e-08','1.39075e-08','-1.47443e-08','-5.56031e-07','4.65968e-09','0','0','0','-2.26817e-05','-0.000308509','0.000257124','-1.29976e-07','4.15e-08','2.33295e-09','5.87608e-08','1.2353e-07','-2.53388e-09','0','0','0','1.20686e-08','3.86347e-07','-1.29976e-07','1.16867e-08','3.63145e-10','7.6016e-10','2.59676e-09','-2.21789e-08','8.16956e-11','0','0','0','3.03992e-08','-4.47412e-08','4.15e-08','3.63145e-10','2.62016e-09','-1.02239e-09','-2.25443e-09','1.58708e-08','-4.08256e-11','0','0','0','-2.77966e-08','1.39075e-08','2.33295e-09','7.6016e-10','-1.02239e-09','1.13334e-09','2.68354e-09','-1.09022e-08','2.83431e-12','0','0','0','-6.54746e-08','-1.47443e-08','5.87608e-08','2.59676e-09','-2.25443e-09','2.68354e-09','1.60738e-06','-2.65162e-08','9.77881e-12','0','0','0','2.63343e-07','-5.56031e-07','1.2353e-07','-2.21789e-08','1.58708e-08','-1.09022e-08','-2.65162e-08','2.48735e-05','-3.45991e-10','0','0','0','7.98988e-11','4.65968e-09','-2.53388e-09','8.16956e-11','-4.08256e-11','2.83431e-12','9.77881e-12','-3.45991e-10','9.24968e-10','0','0','0','0','0','0','0','0','0','0','0','0','0','0','0','0','0','0','0','0','0','0','0','0','0','0','0','0','0','0','0','0','0','0','0','0','0','0','0']

reports.append(Report(575438848, ("DT", -2, 1, 3), "MBwhAst1sec03"))
reports[-1].posNum = 396
reports[-1].negNum = 0
reports[-1].fittype = "6DOF"
reports[-1].add_parameters(ValErr(-0.00489573, 0.00187255, 0), \
                           ValErr(0.082859, 0.0146062, 0), \
                           ValErr(0.0116238, 0.0112379, 0), \
                           ValErr(0.000137334, 8.21152e-05, 0), \
                           ValErr(-0.000103269, 3.97746e-05, 0), \
                           ValErr(6.73614e-05, 2.53512e-05, 0), \
                           3549.41, 396, 396, -nan)
reports[-1].sigmax = ValErr(0.0252942, 0.000906437, 0)
reports[-1].sigmay = ValErr(0.104805, 0.0037642, 0)
reports[-1].sigmadxdz = ValErr(0.000684297, 2.44035e-05, 0)
reports[-1].sigmadydz = ValErr(0, 0, 0)
reports[-1].add_stats(-0.00117874, 0.105169, -3.27241e-06, -0.0154654, -0.00202096, 0.0964824, -3.84301e-06, -0.0153492, -0.00202096, 0.0964824, -3.84301e-06, -0.0153492, -0.00283235, 0.0929784, -3.33951e-05, -0.0148353, -0.00283235, 0.0929784, -3.33951e-05, -0.0148353, 0.0251603, 0.107439, 0.000682104, 0.016888, 0.0251603, 0.107439, 0.000682104, 0.016888)
reports[-1].CovMatrix = ['3.50643e-06','1.7235e-05','-1.39926e-05','1.14872e-08','1.6099e-08','-1.36348e-08','-7.41315e-08','2.87823e-07','2.09969e-10','0','0','0','1.7235e-05','0.00021334','-0.000152325','2.10283e-07','-3.56492e-09','-6.06335e-09','-1.67518e-07','1.15146e-07','4.38644e-09','0','0','0','-1.39926e-05','-0.000152325','0.000126291','-9.1088e-08','2.68004e-08','1.42285e-09','9.53246e-08','7.5492e-08','-3.33655e-09','0','0','0','1.14872e-08','2.10283e-07','-9.1088e-08','6.74291e-09','3.71488e-10','5.09502e-10','3.18547e-10','-9.79094e-09','6.09579e-11','0','0','0','1.6099e-08','-3.56492e-09','2.68004e-08','3.71488e-10','1.58202e-09','-5.54297e-10','-2.8352e-09','1.95205e-08','-4.90824e-11','0','0','0','-1.36348e-08','-6.06335e-09','1.42285e-09','5.09502e-10','-5.54297e-10','6.42683e-10','2.90808e-09','-1.14465e-08','-3.54982e-12','0','0','0','-7.41315e-08','-1.67518e-07','9.53246e-08','3.18547e-10','-2.8352e-09','2.90808e-09','8.2163e-07','-5.2431e-08','-3.16577e-11','0','0','0','2.87823e-07','1.15146e-07','7.5492e-08','-9.79094e-09','1.95205e-08','-1.14465e-08','-5.2431e-08','1.41693e-05','-5.31192e-10','0','0','0','2.09969e-10','4.38644e-09','-3.33655e-09','6.09579e-11','-4.90824e-11','-3.54982e-12','-3.16577e-11','-5.31192e-10','5.9553e-10','0','0','0','0','0','0','0','0','0','0','0','0','0','0','0','0','0','0','0','0','0','0','0','0','0','0','0','0','0','0','0','0','0','0','0','0','0','0','0']

reports.append(Report(575700992, ("DT", -2, 1, 4), "MBwhAst1sec04"))
reports[-1].posNum = 423
reports[-1].negNum = 0
reports[-1].fittype = "6DOF"
reports[-1].add_parameters(ValErr(-0.000234338, 0.00168176, 0), \
                           ValErr(0.0921133, 0.0149002, 0), \
                           ValErr(-0.00241603, 0.0114126, 0), \
                           ValErr(9.37751e-05, 8.73734e-05, 0), \
                           ValErr(-7.3281e-05, 3.90715e-05, 0), \
                           ValErr(5.90201e-05, 2.5179e-05, 0), \
                           3759.49, 423, 423, -nan)
reports[-1].sigmax = ValErr(0.0253906, 0.00087848, 0)
reports[-1].sigmay = ValErr(0.11323, 0.00392597, 0)
reports[-1].sigmadxdz = ValErr(0.000680422, 2.34653e-05, 0)
reports[-1].sigmadydz = ValErr(0, 0, 0)
reports[-1].add_stats(0.00147591, 0.099695, 4.98298e-05, -0.0153479, 0.000580924, 0.088381, 1.98067e-05, -0.0142428, 0.000580924, 0.088381, 1.98067e-05, -0.0142428, 0.00200117, 0.0872385, 4.90103e-05, -0.0138394, 0.00200117, 0.0872385, 4.90103e-05, -0.0138394, 0.0252841, 0.114793, 0.000678799, 0.0178515, 0.0252841, 0.114793, 0.000678799, 0.0178515)
reports[-1].CovMatrix = ['2.82833e-06','1.45282e-05','-1.19817e-05','4.1046e-09','1.22956e-08','-1.04399e-08','-4.96415e-08','2.18935e-07','7.93841e-11','0','0','0','1.45282e-05','0.000222017','-0.000157648','1.50859e-07','-2.3994e-08','4.31274e-09','-1.25206e-07','7.9701e-08','3.37211e-09','0','0','0','-1.19817e-05','-0.000157648','0.000130247','-5.68378e-08','2.44978e-08','2.59462e-10','1.11128e-07','-1.65357e-07','-2.19331e-09','0','0','0','4.1046e-09','1.50859e-07','-5.68378e-08','7.63411e-09','2.01312e-10','5.87914e-10','1.43675e-09','-1.78337e-08','7.37813e-11','0','0','0','1.22956e-08','-2.3994e-08','2.44978e-08','2.01312e-10','1.52659e-09','-5.62925e-10','-2.18531e-09','1.67572e-08','-4.09952e-11','0','0','0','-1.04399e-08','4.31274e-09','2.59462e-10','5.87914e-10','-5.62925e-10','6.33983e-10','2.45385e-09','-1.06776e-08','-1.10546e-12','0','0','0','-4.96415e-08','-1.25206e-07','1.11128e-07','1.43675e-09','-2.18531e-09','2.45385e-09','7.71729e-07','-4.00971e-08','-1.72476e-11','0','0','0','2.18935e-07','7.9701e-08','-1.65357e-07','-1.78337e-08','1.67572e-08','-1.06776e-08','-4.00971e-08','1.54133e-05','-4.86026e-10','0','0','0','7.93841e-11','3.37211e-09','-2.19331e-09','7.37813e-11','-4.09952e-11','-1.10546e-12','-1.72476e-11','-4.86026e-10','5.5062e-10','0','0','0','0','0','0','0','0','0','0','0','0','0','0','0','0','0','0','0','0','0','0','0','0','0','0','0','0','0','0','0','0','0','0','0','0','0','0','0']

reports.append(Report(575963136, ("DT", -2, 1, 5), "MBwhAst1sec05"))
reports[-1].posNum = 436
reports[-1].negNum = 0
reports[-1].fittype = "6DOF"
reports[-1].add_parameters(ValErr(-0.00192559, 0.00167279, 0), \
                           ValErr(0.100136, 0.0135569, 0), \
                           ValErr(-0.00860107, 0.0102954, 0), \
                           ValErr(0.000208249, 8.82336e-05, 0), \
                           ValErr(-0.000102066, 3.85722e-05, 0), \
                           ValErr(4.09341e-05, 2.51509e-05, 0), \
                           3890.17, 436, 436, -nan)
reports[-1].sigmax = ValErr(0.0242269, 0.00082928, 0)
reports[-1].sigmay = ValErr(0.115676, 0.00398174, 0)
reports[-1].sigmadxdz = ValErr(0.000674216, 2.29784e-05, 0)
reports[-1].sigmadydz = ValErr(0, 0, 0)
reports[-1].add_stats(-0.00173569, 0.0954832, -4.30278e-05, -0.0148551, -0.00168736, 0.0867324, -3.66412e-05, -0.0138341, -0.00168736, 0.0867324, -3.66412e-05, -0.0138341, -0.000809938, 0.0744863, -7.36055e-06, -0.0122423, -0.000809938, 0.0744863, -7.36055e-06, -0.0122423, 0.0241312, 0.118798, 0.000669539, 0.018734, 0.0241312, 0.118798, 0.000669539, 0.018734)
reports[-1].CovMatrix = ['2.79824e-06','1.28458e-05','-1.06609e-05','-4.77834e-10','1.69371e-08','-1.56435e-08','-8.87923e-08','4.12264e-07','1.25304e-10','0','0','0','1.28458e-05','0.000183791','-0.000126259','1.4315e-07','-9.68373e-09','-8.73293e-09','-2.55083e-07','4.12566e-07','5.12873e-09','0','0','0','-1.06609e-05','-0.000126259','0.000105995','-1.98364e-11','2.14143e-08','1.19897e-08','2.45385e-07','-7.66646e-07','-2.47924e-09','0','0','0','-4.77834e-10','1.4315e-07','-1.98364e-11','7.78518e-09','3.18082e-10','5.89833e-10','3.2825e-09','-3.73016e-08','1.31726e-10','0','0','0','1.69371e-08','-9.68373e-09','2.14143e-08','3.18082e-10','1.48782e-09','-5.54905e-10','-2.24632e-09','1.92084e-08','-4.80231e-11','0','0','0','-1.56435e-08','-8.73293e-09','1.19897e-08','5.89833e-10','-5.54905e-10','6.3257e-10','2.99336e-09','-1.43708e-08','8.36432e-13','0','0','0','-8.87923e-08','-2.55083e-07','2.45385e-07','3.2825e-09','-2.24632e-09','2.99336e-09','6.87707e-07','-6.77723e-08','-9.41987e-12','0','0','0','4.12264e-07','4.12566e-07','-7.66646e-07','-3.73016e-08','1.92084e-08','-1.43708e-08','-6.77723e-08','1.58543e-05','-1.09753e-09','0','0','0','1.25304e-10','5.12873e-09','-2.47924e-09','1.31726e-10','-4.80231e-11','8.36432e-13','-9.41987e-12','-1.09753e-09','5.28006e-10','0','0','0','0','0','0','0','0','0','0','0','0','0','0','0','0','0','0','0','0','0','0','0','0','0','0','0','0','0','0','0','0','0','0','0','0','0','0','0']

reports.append(Report(576225280, ("DT", -2, 1, 6), "MBwhAst1sec06"))
reports[-1].posNum = 436
reports[-1].negNum = 0
reports[-1].fittype = "6DOF"
reports[-1].add_parameters(ValErr(-0.00301029, 0.00185283, 0), \
                           ValErr(0.0905357, 0.0151523, 0), \
                           ValErr(-0.00137071, 0.0116878, 0), \
                           ValErr(0.000205733, 9.27153e-05, 0), \
                           ValErr(-0.000126813, 4.04748e-05, 0), \
                           ValErr(0.000106417, 2.72963e-05, 0), \
                           3796.6, 436, 436, -nan)
reports[-1].sigmax = ValErr(0.0277944, 0.000942982, 0)
reports[-1].sigmay = ValErr(0.118628, 0.00403442, 0)
reports[-1].sigmadxdz = ValErr(0.000710227, 2.40928e-05, 0)
reports[-1].sigmadydz = ValErr(0, 0, 0)
reports[-1].add_stats(0.00115681, 0.0962408, 1.34749e-05, -0.0159583, -0.000664306, 0.0855548, -5.0798e-06, -0.0136623, -0.000664306, 0.0855548, -5.0798e-06, -0.0136623, 0.0001256, 0.0968858, 2.51349e-05, -0.0151139, 0.0001256, 0.0968858, 2.51349e-05, -0.0151139, 0.0278671, 0.12137, 0.000707408, 0.0194461, 0.0278671, 0.12137, 0.000707408, 0.0194461)
reports[-1].CovMatrix = ['3.43299e-06','1.53966e-05','-1.28025e-05','4.36725e-09','1.79877e-08','-1.66301e-08','-4.10667e-08','1.97352e-07','-6.1656e-11','0','0','0','1.53966e-05','0.000229592','-0.000162866','1.96229e-07','-3.86929e-08','1.66438e-08','-8.86505e-08','-1.10714e-07','3.45373e-09','0','0','0','-1.28025e-05','-0.000162866','0.000136606','-2.73164e-08','4.19694e-08','-6.7165e-09','9.90477e-08','-1.93469e-07','-1.54975e-09','0','0','0','4.36725e-09','1.96229e-07','-2.73164e-08','8.59612e-09','2.72227e-10','6.31327e-10','1.85642e-09','-2.19248e-08','8.99288e-11','0','0','0','1.79877e-08','-3.86929e-08','4.19694e-08','2.72227e-10','1.63821e-09','-6.49858e-10','-1.09571e-09','1.017e-08','-3.15105e-11','0','0','0','-1.66301e-08','1.66438e-08','-6.7165e-09','6.31327e-10','-6.49858e-10','7.45087e-10','1.52998e-09','-7.93604e-09','8.88187e-12','0','0','0','-4.10667e-08','-8.86505e-08','9.90477e-08','1.85642e-09','-1.09571e-09','1.52998e-09','8.89216e-07','-1.68606e-08','1.80468e-11','0','0','0','1.97352e-07','-1.10714e-07','-1.93469e-07','-2.19248e-08','1.017e-08','-7.93604e-09','-1.68606e-08','1.62767e-05','-4.0639e-10','0','0','0','-6.1656e-11','3.45373e-09','-1.54975e-09','8.99288e-11','-3.15105e-11','8.88187e-12','1.80468e-11','-4.0639e-10','5.80463e-10','0','0','0','0','0','0','0','0','0','0','0','0','0','0','0','0','0','0','0','0','0','0','0','0','0','0','0','0','0','0','0','0','0','0','0','0','0','0','0']

reports.append(Report(576487424, ("DT", -2, 1, 7), "MBwhAst1sec07"))
reports[-1].posNum = 439
reports[-1].negNum = 0
reports[-1].fittype = "6DOF"
reports[-1].add_parameters(ValErr(-0.00156191, 0.00153706, 0), \
                           ValErr(0.102458, 0.0136379, 0), \
                           ValErr(-0.00839885, 0.010325, 0), \
                           ValErr(0.000196902, 8.5643e-05, 0), \
                           ValErr(-0.000120679, 3.79383e-05, 0), \
                           ValErr(7.38124e-05, 2.41529e-05, 0), \
                           3907.89, 439, 439, -nan)
reports[-1].sigmax = ValErr(0.0243607, 0.000823798, 0)
reports[-1].sigmay = ValErr(0.11346, 0.00385284, 0)
reports[-1].sigmadxdz = ValErr(0.000697865, 2.35954e-05, 0)
reports[-1].sigmadydz = ValErr(0, 0, 0)
reports[-1].add_stats(-0.00141811, 0.0921284, -1.09544e-05, -0.0134136, -0.000890399, 0.0898295, -4.09109e-05, -0.0136148, -0.000890399, 0.0898295, -4.09109e-05, -0.0136148, 0.00105316, 0.0903392, 1.5312e-05, -0.0132448, 0.00105316, 0.0903392, 1.5312e-05, -0.0132448, 0.0243606, 0.115921, 0.000694802, 0.0184121, 0.0243606, 0.115921, 0.000694802, 0.0184121)
reports[-1].CovMatrix = ['2.36255e-06','1.11791e-05','-9.27827e-06','1.34517e-09','1.08702e-08','-9.30041e-09','-2.45009e-08','1.31617e-07','-5.25061e-11','0','0','0','1.11791e-05','0.000185991','-0.000128792','1.21916e-07','-4.22345e-08','1.6515e-08','-9.24327e-08','6.59572e-08','2.64938e-09','0','0','0','-9.27827e-06','-0.000128792','0.000106605','-2.76349e-08','3.51313e-08','-6.88737e-09','1.08444e-07','-3.45432e-07','-1.11634e-09','0','0','0','1.34517e-09','1.21916e-07','-2.76349e-08','7.33472e-09','1.20645e-10','6.15778e-10','3.05762e-09','-3.07458e-08','1.06594e-10','0','0','0','1.08702e-08','-4.22345e-08','3.51313e-08','1.20645e-10','1.43931e-09','-5.01362e-10','-8.2798e-10','7.48415e-09','-2.11696e-11','0','0','0','-9.30041e-09','1.6515e-08','-6.88737e-09','6.15778e-10','-5.01362e-10','5.83362e-10','1.08997e-09','-6.73536e-09','1.07498e-11','0','0','0','-2.45009e-08','-9.24327e-08','1.08444e-07','3.05762e-09','-8.2798e-10','1.08997e-09','6.78644e-07','-2.04246e-08','4.89761e-11','0','0','0','1.31617e-07','6.59572e-08','-3.45432e-07','-3.07458e-08','7.48415e-09','-6.73536e-09','-2.04246e-08','1.48444e-05','-5.50417e-10','0','0','0','-5.25061e-11','2.64938e-09','-1.11634e-09','1.06594e-10','-2.11696e-11','1.07498e-11','4.89761e-11','-5.50417e-10','5.56745e-10','0','0','0','0','0','0','0','0','0','0','0','0','0','0','0','0','0','0','0','0','0','0','0','0','0','0','0','0','0','0','0','0','0','0','0','0','0','0','0']

reports.append(Report(576749568, ("DT", -2, 1, 8), "MBwhAst1sec08"))
reports[-1].posNum = 478
reports[-1].negNum = 0
reports[-1].fittype = "6DOF"
reports[-1].add_parameters(ValErr(-0.00327814, 0.00172766, 0), \
                           ValErr(0.0940611, 0.0148982, 0), \
                           ValErr(0.00223037, 0.0115177, 0), \
                           ValErr(0.000263262, 7.69274e-05, 0), \
                           ValErr(-0.000119146, 3.79445e-05, 0), \
                           ValErr(9.72799e-05, 2.49693e-05, 0), \
                           4176.95, 478, 478, -nan)
reports[-1].sigmax = ValErr(0.0290973, 0.000946404, 0)
reports[-1].sigmay = ValErr(0.107644, 0.00350952, 0)
reports[-1].sigmadxdz = ValErr(0.000725138, 2.35132e-05, 0)
reports[-1].sigmadydz = ValErr(0, 0, 0)
reports[-1].add_stats(-0.00189114, 0.100648, 1.99838e-05, -0.0157048, -0.00156396, 0.0942172, -7.9978e-07, -0.0145415, -0.00156396, 0.0942172, -7.9978e-07, -0.0145415, -0.000557223, 0.0963829, 2.88346e-05, -0.0149878, -0.000557223, 0.0963829, 2.88346e-05, -0.0149878, 0.0289191, 0.111548, 0.00072249, 0.0175338, 0.0289191, 0.111548, 0.00072249, 0.0175338)
reports[-1].CovMatrix = ['2.98481e-06','1.42893e-05','-1.17388e-05','1.05458e-08','1.02096e-08','-8.0386e-09','-3.8567e-08','1.31279e-07','1.44933e-10','0','0','0','1.42893e-05','0.000221957','-0.000161762','2.01187e-07','-4.37845e-08','2.49836e-08','-4.16973e-08','-3.55828e-07','3.93188e-09','0','0','0','-1.17388e-05','-0.000161762','0.000132656','-1.22624e-07','3.52375e-08','-1.62181e-08','6.05315e-08','1.47116e-07','-2.74143e-09','0','0','0','1.05458e-08','2.01187e-07','-1.22624e-07','5.91782e-09','9.21142e-11','4.74158e-10','3.09462e-09','-2.05618e-08','6.56443e-11','0','0','0','1.02096e-08','-4.37845e-08','3.52375e-08','9.21142e-11','1.43979e-09','-5.40838e-10','-1.82647e-09','1.21868e-08','-3.55888e-11','0','0','0','-8.0386e-09','2.49836e-08','-1.62181e-08','4.74158e-10','-5.40838e-10','6.23464e-10','2.44243e-09','-8.67172e-09','-1.91436e-12','0','0','0','-3.8567e-08','-4.16973e-08','6.05315e-08','3.09462e-09','-1.82647e-09','2.44243e-09','8.95682e-07','-3.65394e-08','-1.00267e-12','0','0','0','1.31279e-07','-3.55828e-07','1.47116e-07','-2.05618e-08','1.21868e-08','-8.67172e-09','-3.65394e-08','1.23168e-05','-4.19756e-10','0','0','0','1.44933e-10','3.93188e-09','-2.74143e-09','6.56443e-11','-3.55888e-11','-1.91436e-12','-1.00267e-12','-4.19756e-10','5.52873e-10','0','0','0','0','0','0','0','0','0','0','0','0','0','0','0','0','0','0','0','0','0','0','0','0','0','0','0','0','0','0','0','0','0','0','0','0','0','0','0']

reports.append(Report(577011712, ("DT", -2, 1, 9), "MBwhAst1sec09"))
reports[-1].posNum = 327
reports[-1].negNum = 0
reports[-1].fittype = "6DOF"
reports[-1].add_parameters(ValErr(0.00242443, 0.00232702, 0), \
                           ValErr(0.132997, 0.0198085, 0), \
                           ValErr(-0.0361756, 0.0153456, 0), \
                           ValErr(0.00044692, 0.000100072, 0), \
                           ValErr(-8.76762e-05, 4.88446e-05, 0), \
                           ValErr(6.34796e-05, 3.27913e-05, 0), \
                           2793.78, 327, 327, -nan)
reports[-1].sigmax = ValErr(0.0318993, 0.00125543, 0)
reports[-1].sigmay = ValErr(0.115087, 0.00450067, 0)
reports[-1].sigmadxdz = ValErr(0.000751647, 2.95328e-05, 0)
reports[-1].sigmadydz = ValErr(0, 0, 0)
reports[-1].add_stats(0.00155258, 0.0864174, -2.13396e-05, -0.0149138, 7.03285e-05, 0.0844892, -2.21546e-05, -0.0133955, 7.03285e-05, 0.0844892, -2.21546e-05, -0.0133955, 0.00072765, 0.0862719, -5.3789e-05, -0.0138751, 0.00072765, 0.0862719, -5.3789e-05, -0.0138751, 0.0322417, 0.117783, 0.000755774, 0.0180671, 0.0322417, 0.117783, 0.000755774, 0.0180671)
reports[-1].CovMatrix = ['5.41501e-06','2.49035e-05','-2.04975e-05','1.64953e-08','1.84805e-08','-1.45589e-08','-7.50404e-08','1.77229e-07','-7.38891e-11','0','0','0','2.49035e-05','0.000392377','-0.000287726','3.83909e-07','-7.72361e-08','6.14299e-08','2.98771e-07','-8.39892e-07','-1.42826e-09','0','0','0','-2.04975e-05','-0.000287726','0.000235486','-2.32501e-07','5.93837e-08','-4.00786e-08','-2.54534e-07','5.61504e-07','8.63252e-10','0','0','0','1.64953e-08','3.83909e-07','-2.32501e-07','1.00145e-08','1.30813e-10','8.41064e-10','1.54136e-10','1.28483e-08','-9.06888e-11','0','0','0','1.84805e-08','-7.72361e-08','5.93837e-08','1.30813e-10','2.38579e-09','-9.36464e-10','-3.02469e-09','2.00815e-08','-6.52485e-11','0','0','0','-1.45589e-08','6.14299e-08','-4.00786e-08','8.41064e-10','-9.36464e-10','1.07527e-09','3.66614e-09','-9.84917e-09','-1.30052e-11','0','0','0','-7.50404e-08','2.98771e-07','-2.54534e-07','1.54136e-10','-3.02469e-09','3.66614e-09','1.57611e-06','-5.17472e-08','-1.58489e-10','0','0','0','1.77229e-07','-8.39892e-07','5.61504e-07','1.28483e-08','2.00815e-08','-9.84917e-09','-5.17472e-08','2.02561e-05','-6.72957e-10','0','0','0','-7.38891e-11','-1.42826e-09','8.63252e-10','-9.06888e-11','-6.52485e-11','-1.30052e-11','-1.58489e-10','-6.72957e-10','8.72188e-10','0','0','0','0','0','0','0','0','0','0','0','0','0','0','0','0','0','0','0','0','0','0','0','0','0','0','0','0','0','0','0','0','0','0','0','0','0','0','0']

reports.append(Report(577273856, ("DT", -2, 1, 10), "MBwhAst1sec10"))
reports[-1].posNum = 282
reports[-1].negNum = 0
reports[-1].fittype = "6DOF"
reports[-1].add_parameters(ValErr(0.000411554, 0.00180566, 0), \
                           ValErr(0.100055, 0.0165943, 0), \
                           ValErr(-0.00838821, 0.0122644, 0), \
                           ValErr(0.000169683, 9.74763e-05, 0), \
                           ValErr(-2.84611e-05, 4.35967e-05, 0), \
                           ValErr(5.24259e-05, 2.59052e-05, 0), \
                           2533.13, 282, 282, -nan)
reports[-1].sigmax = ValErr(0.0229368, 0.000967938, 0)
reports[-1].sigmay = ValErr(0.122145, 0.00515457, 0)
reports[-1].sigmadxdz = ValErr(0.000634939, 2.68063e-05, 0)
reports[-1].sigmadydz = ValErr(0, 0, 0)
reports[-1].add_stats(0.00131034, 0.0960913, 5.58257e-05, -0.0147048, 3.26442e-05, 0.0895918, 3.21244e-05, -0.0146083, 3.26442e-05, 0.0895918, 3.21244e-05, -0.0146083, 0.0015251, 0.0888265, 5.59276e-05, -0.0143511, 0.0015251, 0.0888265, 5.59276e-05, -0.0143511, 0.0229332, 0.123242, 0.00063486, 0.0188738, 0.0229332, 0.123242, 0.00063486, 0.0188738)
reports[-1].CovMatrix = ['3.26041e-06','1.71136e-05','-1.39634e-05','6.19973e-09','6.3894e-09','-5.06442e-09','-1.6413e-08','8.7207e-08','7.16377e-10','0','0','0','1.71136e-05','0.00027537','-0.000183035','1.86953e-07','-6.32811e-08','3.421e-08','-1.86417e-08','-7.56274e-07','2.03863e-09','0','0','0','-1.39634e-05','-0.000183035','0.000150415','-1.20778e-07','6.00582e-08','-2.71028e-08','-6.60231e-09','6.62329e-07','-2.63173e-09','0','0','0','6.19973e-09','1.86953e-07','-1.20778e-07','9.50163e-09','1.06099e-10','7.79607e-10','3.29965e-09','-1.6763e-08','2.55813e-11','0','0','0','6.3894e-09','-6.32811e-08','6.00582e-08','1.06099e-10','1.90067e-09','-6.14276e-10','-1.40696e-09','1.0954e-08','-3.9346e-11','0','0','0','-5.06442e-09','3.421e-08','-2.71028e-08','7.79607e-10','-6.14276e-10','6.71082e-10','1.73902e-09','-8.14011e-09','-6.67188e-13','0','0','0','-1.6413e-08','-1.86417e-08','-6.60231e-09','3.29965e-09','-1.40696e-09','1.73902e-09','9.36905e-07','-1.10231e-08','-4.06162e-11','0','0','0','8.7207e-08','-7.56274e-07','6.62329e-07','-1.6763e-08','1.0954e-08','-8.14011e-09','-1.10231e-08','2.65697e-05','-1.93598e-10','0','0','0','7.16377e-10','2.03863e-09','-2.63173e-09','2.55813e-11','-3.9346e-11','-6.67188e-13','-4.06162e-11','-1.93598e-10','7.18578e-10','0','0','0','0','0','0','0','0','0','0','0','0','0','0','0','0','0','0','0','0','0','0','0','0','0','0','0','0','0','0','0','0','0','0','0','0','0','0','0']

reports.append(Report(577536000, ("DT", -2, 1, 11), "MBwhAst1sec11"))
reports[-1].posNum = 336
reports[-1].negNum = 0
reports[-1].fittype = "6DOF"
reports[-1].add_parameters(ValErr(0.00466025, 0.00220618, 0), \
                           ValErr(0.122948, 0.0187858, 0), \
                           ValErr(-0.0160655, 0.0148552, 0), \
                           ValErr(0.000276787, 9.75975e-05, 0), \
                           ValErr(5.24413e-06, 4.66641e-05, 0), \
                           ValErr(8.07405e-05, 2.99917e-05, 0), \
                           2947.66, 336, 336, -nan)
reports[-1].sigmax = ValErr(0.028835, 0.00116239, 0)
reports[-1].sigmay = ValErr(0.102817, 0.00417571, 0)
reports[-1].sigmadxdz = ValErr(0.000740213, 2.97443e-05, 0)
reports[-1].sigmadydz = ValErr(0, 0, 0)
reports[-1].add_stats(0.00173202, 0.107603, 6.99047e-05, -0.0181557, 0.00379058, 0.101422, 0.000124865, -0.0161796, 0.00379058, 0.101422, 0.000124865, -0.0161796, 0.00426515, 0.101426, 0.000121995, -0.0164183, 0.00426515, 0.101426, 0.000121995, -0.0164183, 0.0287072, 0.104622, 0.000738562, 0.0168104, 0.0287072, 0.104622, 0.000738562, 0.0168104)
reports[-1].CovMatrix = ['4.86722e-06','2.48582e-05','-2.0574e-05','3.60599e-08','1.75323e-08','-9.60059e-09','3.0486e-08','1.26932e-07','-1.32114e-09','0','0','0','2.48582e-05','0.000352908','-0.000265564','3.38851e-07','-4.12694e-08','2.72879e-08','-4.05004e-07','3.01184e-06','2.68807e-08','0','0','0','-2.0574e-05','-0.000265564','0.000220677','-2.5734e-07','4.73139e-08','-3.08115e-08','1.66815e-07','-2.79997e-06','-2.55664e-08','0','0','0','3.60599e-08','3.38851e-07','-2.5734e-07','9.52527e-09','6.89672e-10','8.76006e-10','1.29318e-08','-4.98452e-09','-1.08834e-11','0','0','0','1.75323e-08','-4.12694e-08','4.73139e-08','6.89672e-10','2.17754e-09','-6.84206e-10','-1.05343e-09','2.25049e-08','-1.23983e-10','0','0','0','-9.60059e-09','2.72879e-08','-3.08115e-08','8.76006e-10','-6.84206e-10','8.99504e-10','6.00731e-09','-1.13901e-08','5.2678e-12','0','0','0','3.0486e-08','-4.05004e-07','1.66815e-07','1.29318e-08','-1.05343e-09','6.00731e-09','1.35114e-06','-2.17032e-07','-1.19828e-09','0','0','0','1.26932e-07','3.01184e-06','-2.79997e-06','-4.98452e-09','2.25049e-08','-1.13901e-08','-2.17032e-07','1.74367e-05','7.17253e-09','0','0','0','-1.32114e-09','2.68807e-08','-2.55664e-08','-1.08834e-11','-1.23983e-10','5.2678e-12','-1.19828e-09','7.17253e-09','8.84728e-10','0','0','0','0','0','0','0','0','0','0','0','0','0','0','0','0','0','0','0','0','0','0','0','0','0','0','0','0','0','0','0','0','0','0','0','0','0','0','0']

reports.append(Report(577798144, ("DT", -2, 1, 12), "MBwhAst1sec12"))
reports[-1].posNum = 393
reports[-1].negNum = 0
reports[-1].fittype = "6DOF"
reports[-1].add_parameters(ValErr(-0.00011493, 0.00199066, 0), \
                           ValErr(0.107556, 0.0175467, 0), \
                           ValErr(-0.00737774, 0.0136213, 0), \
                           ValErr(0.000287394, 8.37335e-05, 0), \
                           ValErr(-6.48827e-05, 4.29645e-05, 0), \
                           ValErr(9.04762e-05, 2.70092e-05, 0), \
                           3394.78, 393, 393, -nan)
reports[-1].sigmax = ValErr(0.0298073, 0.00106715, 0)
reports[-1].sigmay = ValErr(0.11039, 0.00395994, 0)
reports[-1].sigmadxdz = ValErr(0.00076304, 2.72492e-05, 0)
reports[-1].sigmadydz = ValErr(0, 0, 0)
reports[-1].add_stats(-0.00151408, 0.103683, -6.9963e-06, -0.0162072, 0.000135827, 0.0974423, 3.43662e-05, -0.0156076, 0.000135827, 0.0974423, 3.43662e-05, -0.0156076, -0.000668668, 0.0943991, 5.52041e-05, -0.0151006, -0.000668668, 0.0943991, 5.52041e-05, -0.0151006, 0.0296802, 0.113614, 0.000761214, 0.0181559, 0.0296802, 0.113614, 0.000761214, 0.0181559)
reports[-1].CovMatrix = ['3.96273e-06','2.07854e-05','-1.69912e-05','1.91701e-08','9.97503e-09','-6.68342e-09','-2.49921e-08','8.34239e-08','1.61699e-10','0','0','0','2.07854e-05','0.000307887','-0.00022659','2.86945e-07','-5.30718e-08','3.10079e-08','2.05888e-08','-5.44477e-07','3.96751e-09','0','0','0','-1.69912e-05','-0.00022659','0.000185539','-2.09135e-07','4.73878e-08','-2.4936e-08','-6.57272e-09','4.11947e-07','-3.07888e-09','0','0','0','1.91701e-08','2.86945e-07','-2.09135e-07','7.0113e-09','1.49872e-10','5.52374e-10','4.00835e-09','-2.26511e-08','5.9154e-11','0','0','0','9.97503e-09','-5.30718e-08','4.73878e-08','1.49872e-10','1.84594e-09','-6.31481e-10','-2.06279e-09','1.25875e-08','-3.29194e-11','0','0','0','-6.68342e-09','3.10079e-08','-2.4936e-08','5.52374e-10','-6.31481e-10','7.29495e-10','2.33615e-09','-8.51029e-09','-2.67831e-13','0','0','0','-2.49921e-08','2.05888e-08','-6.57272e-09','4.00835e-09','-2.06279e-09','2.33615e-09','1.13882e-06','-3.46287e-08','2.7251e-11','0','0','0','8.34239e-08','-5.44477e-07','4.11947e-07','-2.26511e-08','1.25875e-08','-8.51029e-09','-3.46287e-08','1.56812e-05','-3.54567e-10','0','0','0','1.61699e-10','3.96751e-09','-3.07888e-09','5.9154e-11','-3.29194e-11','-2.67831e-13','2.7251e-11','-3.54567e-10','7.42522e-10','0','0','0','0','0','0','0','0','0','0','0','0','0','0','0','0','0','0','0','0','0','0','0','0','0','0','0','0','0','0','0','0','0','0','0','0','0','0','0']

reports.append(Report(579108864, ("DT", -2, 2, 1), "MBwhAst2sec01"))
reports[-1].posNum = 563
reports[-1].negNum = 0
reports[-1].fittype = "6DOF"
reports[-1].add_parameters(ValErr(6.47391e-05, 0.000520481, 0), \
                           ValErr(-0.00720056, 0.00606304, 0), \
                           ValErr(-0.000991669, 0.00406391, 0), \
                           ValErr(6.04966e-05, 5.5701e-05, 0), \
                           ValErr(4.30416e-06, 1.74313e-05, 0), \
                           ValErr(-4.10579e-06, 9.73689e-06, 0), \
                           5841.65, 563, 563, -nan)
reports[-1].sigmax = ValErr(0.0112156, 0.000334514, 0)
reports[-1].sigmay = ValErr(0.104632, 0.00312537, 0)
reports[-1].sigmadxdz = ValErr(0.000376355, 1.12301e-05, 0)
reports[-1].sigmadydz = ValErr(0, 0, 0)
reports[-1].add_stats(4.1591e-05, 0.000151695, 1.61064e-05, -0.000438969, -6.44929e-06, -0.00853817, 1.20069e-05, 0.00142436, -6.44929e-06, -0.00853817, 1.20069e-05, 0.00142436, -0.000749598, -0.0151539, -1.59016e-05, 0.00246148, -0.000749598, -0.0151539, -1.59016e-05, 0.00246148, 0.0112194, 0.104807, 0.000375857, 0.0193256, 0.0112194, 0.104807, 0.000375857, 0.0193256)
reports[-1].CovMatrix = ['2.70901e-07','-4.97011e-07','5.21227e-07','2.22269e-09','2.71406e-09','-1.54887e-09','-7.27267e-10','-1.39326e-08','-1.35949e-11','0','0','0','-4.97011e-07','3.67604e-05','-1.68693e-05','1.19633e-08','9.29492e-10','3.14121e-09','-6.8168e-09','-8.25935e-08','-2.96245e-11','0','0','0','5.21227e-07','-1.68693e-05','1.65154e-05','1.79544e-09','1.21247e-09','-4.54326e-09','6.87374e-09','7.94979e-08','1.00289e-10','0','0','0','2.22269e-09','1.19633e-08','1.79544e-09','3.1026e-09','-5.79313e-11','-8.24776e-11','3.06957e-10','9.17093e-09','2.34461e-11','0','0','0','2.71406e-09','9.29492e-10','1.21247e-09','-5.79313e-11','3.0385e-10','-8.32969e-11','-6.96179e-11','-2.36285e-09','-5.84985e-12','0','0','0','-1.54887e-09','3.14121e-09','-4.54326e-09','-8.24776e-11','-8.32969e-11','9.48069e-11','1.03042e-10','7.07962e-10','-9.16418e-13','0','0','0','-7.27267e-10','-6.8168e-09','6.87374e-09','3.06957e-10','-6.96179e-11','1.03042e-10','1.119e-07','1.9075e-09','1.00911e-12','0','0','0','-1.39326e-08','-8.25935e-08','7.94979e-08','9.17093e-09','-2.36285e-09','7.07962e-10','1.9075e-09','9.76797e-06','9.96041e-11','0','0','0','-1.35949e-11','-2.96245e-11','1.00289e-10','2.34461e-11','-5.84985e-12','-9.16418e-13','1.00911e-12','9.96041e-11','1.26116e-10','0','0','0','0','0','0','0','0','0','0','0','0','0','0','0','0','0','0','0','0','0','0','0','0','0','0','0','0','0','0','0','0','0','0','0','0','0','0','0']

reports.append(Report(579371008, ("DT", -2, 2, 2), "MBwhAst2sec02"))
reports[-1].posNum = 423
reports[-1].negNum = 0
reports[-1].fittype = "6DOF"
reports[-1].add_parameters(ValErr(-2.10774e-05, 8.62502e-05, 0), \
                           ValErr(-0.0147835, 0.00488241, 0), \
                           ValErr(-0.00111002, 0.00057732, 0), \
                           ValErr(3.72568e-06, 1.13316e-05, 0), \
                           ValErr(7.38394e-06, 8.72516e-06, 0), \
                           ValErr(2.30704e-06, 1.39545e-06, 0), \
                           5405.43, 423, 423, -nan)
reports[-1].sigmax = ValErr(0.0012352, 4.24826e-05, 0)
reports[-1].sigmay = ValErr(0.0997352, 0.00342962, 0)
reports[-1].sigmadxdz = ValErr(0.000324289, 1.11577e-05, 0)
reports[-1].sigmadydz = ValErr(0, 0, 0)
reports[-1].add_stats(5.60292e-05, -0.0205685, 4.52738e-05, 0.00327945, 1.06643e-05, -0.015946, 2.5304e-05, 0.0027783, 1.06643e-05, -0.015946, 2.5304e-05, 0.0027783, 1.52301e-05, -0.0141977, 2.91619e-05, 0.00252649, 1.52301e-05, -0.0141977, 2.91619e-05, 0.00252649, 0.00124404, 0.0997179, 0.000323907, 0.0175344, 0.00124404, 0.0997179, 0.000323907, 0.0175344)
reports[-1].CovMatrix = ['7.4391e-09','-6.82392e-09','8.0194e-09','8.72964e-11','4.38648e-10','-4.72508e-11','5.68428e-11','-1.88902e-09','-1.79356e-11','0','0','0','-6.82392e-09','2.38379e-05','-3.19484e-07','-1.19117e-10','1.18354e-09','1.09423e-10','1.02581e-10','-3.70153e-08','-6.26249e-11','0','0','0','8.0194e-09','-3.19484e-07','3.33298e-07','1.57169e-09','-1.32234e-09','-1.69027e-10','-8.45392e-11','1.50829e-08','8.09694e-11','0','0','0','8.72964e-11','-1.19117e-10','1.57169e-09','1.28405e-10','-1.68699e-11','-5.0591e-12','1.1116e-12','5.9763e-10','1.8298e-12','0','0','0','4.38648e-10','1.18354e-09','-1.32234e-09','-1.68699e-11','7.61284e-11','-1.31543e-12','9.32379e-12','-4.52666e-10','-3.65631e-12','0','0','0','-4.72508e-11','1.09423e-10','-1.69027e-10','-5.0591e-12','-1.31543e-12','1.94727e-12','1.63315e-13','-7.12906e-12','-6.72119e-14','0','0','0','5.68428e-11','1.02581e-10','-8.45392e-11','1.1116e-12','9.32379e-12','1.63315e-13','1.80477e-09','-4.02688e-11','-4.45369e-13','0','0','0','-1.88902e-09','-3.70153e-08','1.50829e-08','5.9763e-10','-4.52666e-10','-7.12906e-12','-4.02688e-11','1.17623e-05','2.54812e-11','0','0','0','-1.79356e-11','-6.26249e-11','8.09694e-11','1.8298e-12','-3.65631e-12','-6.72119e-14','-4.45369e-13','2.54812e-11','1.24495e-10','0','0','0','0','0','0','0','0','0','0','0','0','0','0','0','0','0','0','0','0','0','0','0','0','0','0','0','0','0','0','0','0','0','0','0','0','0','0','0']

reports.append(Report(579633152, ("DT", -2, 2, 3), "MBwhAst2sec03"))
reports[-1].posNum = 517
reports[-1].negNum = 0
reports[-1].fittype = "6DOF"
reports[-1].add_parameters(ValErr(-0.00112471, 0.000440062, 0), \
                           ValErr(-0.00119893, 0.00587072, 0), \
                           ValErr(-0.00542683, 0.00342605, 0), \
                           ValErr(0.000154772, 5.46716e-05, 0), \
                           ValErr(6.51239e-06, 1.74854e-05, 0), \
                           ValErr(6.69869e-06, 8.39955e-06, 0), \
                           5456.67, 517, 517, -nan)
reports[-1].sigmax = ValErr(0.00898333, 0.000280194, 0)
reports[-1].sigmay = ValErr(0.107243, 0.00335209, 0)
reports[-1].sigmadxdz = ValErr(0.000383456, 1.19305e-05, 0)
reports[-1].sigmadydz = ValErr(0, 0, 0)
reports[-1].add_stats(-2.21761e-06, -0.00186768, 6.23325e-06, 0.000995335, -0.000866166, -0.00791374, 2.26079e-05, 0.00182374, -0.000866166, -0.00791374, 2.26079e-05, 0.00182374, -0.000896999, -0.0107207, 1.384e-05, 0.00232666, -0.000896999, -0.0107207, 1.384e-05, 0.00232666, 0.00901083, 0.108341, 0.000383004, 0.0193383, 0.00901083, 0.108341, 0.000383004, 0.0193383)
