nan = None;  NAN = None
nan = 0
reports = []
class ValErr:
    def __init__(self, value, error, antisym):
        self.value, self.error, self.antisym = value, error, antisym

    def __repr__(self):
        if self.antisym == 0.:
            return "%g +- %g" % (self.value, self.error)
        else:
            return "%g +- %g ~ %g" % (self.value, self.error, self.antisym)

class Report:
    def __init__(self, chamberId, postal_address, name):
        self.chamberId, self.postal_address, self.name = chamberId, postal_address, name
        self.status = "NOFIT"
        self.fittype = None
        self.CovMatrix = None

    def add_parameters(self, deltax, deltay, deltaz, deltaphix, deltaphiy, deltaphiz, loglikelihood, numsegments, sumofweights, redchi2):
        self.status = "PASS"
        self.deltax, self.deltay, self.deltaz, self.deltaphix, self.deltaphiy, self.deltaphiz = deltax, deltay, deltaz, deltaphix, deltaphiy, deltaphiz
        self.loglikelihood, self.numsegments, self.sumofweights, self.redchi2 = loglikelihood, numsegments, sumofweights, redchi2

    def add_stats(self, median_x, median_y, median_dxdz, median_dydz, mean30_x, mean30_y, mean20_dxdz, mean50_dydz, mean15_x, mean15_y, mean10_dxdz, mean25_dydz, wmean30_x, wmean30_y, wmean20_dxdz, wmean50_dydz, wmean15_x, wmean15_y, wmean10_dxdz, wmean25_dydz, stdev30_x, stdev30_y, stdev20_dxdz, stdev50_dydz, stdev15_x, stdev15_y, stdev10_dxdz, stdev25_dydz):
        self.median_x, self.median_y, self.median_dxdz, self.median_dydz, self.mean30_x, self.mean30_y, self.mean20_dxdz, self.mean50_dydz, self.mean15_x, self.mean15_y, self.mean10_dxdz, self.mean25_dydz, self.wmean30_x, self.wmean30_y, self.wmean20_dxdz, self.wmean50_dydz, self.wmean15_x, self.wmean15_y, self.wmean10_dxdz, self.wmean25_dydz, self.stdev30_x, self.stdev30_y, self.stdev20_dxdz, self.stdev50_dydz, self.stdev15_x, self.stdev15_y, self.stdev10_dxdz, self.stdev25_dydz = median_x, median_y, median_dxdz, median_dydz, mean30_x, mean30_y, mean20_dxdz, mean50_dydz, mean15_x, mean15_y, mean10_dxdz, mean25_dydz, wmean30_x, wmean30_y, wmean20_dxdz, wmean50_dydz, wmean15_x, wmean15_y, wmean10_dxdz, wmean25_dydz, stdev30_x, stdev30_y, stdev20_dxdz, stdev50_dydz, stdev15_x, stdev15_y, stdev10_dxdz, stdev25_dydz

    def __repr__(self):
        return "<Report %s %s %s>" % (self.postal_address[0], " ".join(map(str, self.postal_address[1:])), self.status)

reports.append(Report(574914560, ("DT", -2, 1, 1), "MBwhAst1sec01"))
reports[-1].posNum = 225
reports[-1].negNum = 0
reports[-1].fittype = "6DOF"
reports[-1].add_parameters(ValErr(-3.56539e-05, 0.00204392, 0), \
                           ValErr(0.106945, 0.0180186, 0), \
                           ValErr(-0.0103395, 0.013382, 0), \
                           ValErr(0.000290066, 0.000111933, 0), \
                           ValErr(-5.3902e-05, 4.97728e-05, 0), \
                           ValErr(5.82118e-05, 3.11261e-05, 0), \
                           2029.24, 225, 225, -nan)
reports[-1].sigmax = ValErr(0.023518, 0.00113313, 0)
reports[-1].sigmay = ValErr(0.113077, 0.00549802, 0)
reports[-1].sigmadxdz = ValErr(0.000645187, 3.10434e-05, 0)
reports[-1].sigmadydz = ValErr(0, 0, 0)
reports[-1].add_stats(0.00188279, 0.0961251, 3.95988e-06, -0.0150851, -0.000104816, 0.0923666, -1.35353e-07, -0.0140732, -0.000104816, 0.0923666, -1.35353e-07, -0.0140732, 0.00145661, 0.0990844, -6.45854e-05, -0.0151559, 0.00145661, 0.0990844, -6.45854e-05, -0.0151559, 0.0237087, 0.114638, 0.000644662, 0.0182295, 0.0237087, 0.114638, 0.000644662, 0.0182295)
reports[-1].CovMatrix = ['4.17762e-06','1.97056e-05','-1.62461e-05','3.536e-09','1.93429e-08','-1.63283e-08','-8.60178e-09','1.6277e-07','-4.26836e-10','0','0','0','1.97056e-05','0.000324671','-0.000218435','2.36248e-07','-3.41703e-08','-8.14694e-09','-3.86108e-07','-2.85497e-06','-1.73697e-08','0','0','0','-1.62461e-05','-0.000218435','0.000179077','-1.11282e-07','3.42078e-08','1.14601e-08','1.53787e-07','1.89319e-06','1.21466e-08','0','0','0','3.536e-09','2.36248e-07','-1.11282e-07','1.25291e-08','5.59966e-10','8.56584e-10','-7.04922e-09','-1.81194e-08','-3.8995e-11','0','0','0','1.93429e-08','-3.41703e-08','3.42078e-08','5.59966e-10','2.47733e-09','-8.52771e-10','-1.21631e-09','1.14548e-08','-3.60457e-11','0','0','0','-1.63283e-08','-8.14694e-09','1.14601e-08','8.56584e-10','-8.52771e-10','9.68831e-10','5.41198e-10','-9.44889e-09','-2.02784e-11','0','0','0','-8.60178e-09','-3.86108e-07','1.53787e-07','-7.04922e-09','-1.21631e-09','5.41198e-10','1.28397e-06','2.70149e-07','5.45666e-10','0','0','0','1.6277e-07','-2.85497e-06','1.89319e-06','-1.81194e-08','1.14548e-08','-9.44889e-09','2.70149e-07','3.02285e-05','5.23954e-09','0','0','0','-4.26836e-10','-1.73697e-08','1.21466e-08','-3.8995e-11','-3.60457e-11','-2.02784e-11','5.45666e-10','5.23954e-09','9.63697e-10','0','0','0','0','0','0','0','0','0','0','0','0','0','0','0','0','0','0','0','0','0','0','0','0','0','0','0','0','0','0','0','0','0','0','0','0','0','0','0']

reports.append(Report(575176704, ("DT", -2, 1, 2), "MBwhAst1sec02"))
reports[-1].posNum = 147
reports[-1].negNum = 0
reports[-1].fittype = "6DOF"
reports[-1].add_parameters(ValErr(-0.00465199, 0.00157015, 0), \
                           ValErr(0.0845592, 0.0154107, 0), \
                           ValErr(2.9101e-06, 0.0100989, 0), \
                           ValErr(0.00017121, 0.000122892, 0), \
                           ValErr(-0.000123084, 4.55417e-05, 0), \
                           ValErr(7.56118e-05, 2.68122e-05, 0), \
                           1439.12, 147, 147, -nan)
reports[-1].sigmax = ValErr(0.0143625, 0.000838188, 0)
reports[-1].sigmay = ValErr(0.117287, 0.00687502, 0)
reports[-1].sigmadxdz = ValErr(0.000471065, 2.75681e-05, 0)
reports[-1].sigmadydz = ValErr(0, 0, 0)
reports[-1].add_stats(-0.0011545, 0.0825131, -3.52107e-05, -0.0133151, -0.00271597, 0.0802148, -4.33096e-05, -0.012671, -0.00271597, 0.0802148, -4.33096e-05, -0.012671, -0.00191315, 0.0851677, -3.46182e-05, -0.0136771, -0.00191315, 0.0851677, -3.46182e-05, -0.0136771, 0.0145989, 0.11996, 0.000467856, 0.018623, 0.0145989, 0.11996, 0.000467856, 0.018623)
reports[-1].CovMatrix = ['2.46537e-06','8.89731e-06','-7.83492e-06','-1.25644e-08','2.05321e-08','-1.70172e-08','-2.36108e-08','3.14346e-07','-4.37082e-10','0','0','0','8.89731e-06','0.000237491','-0.000118618','1.14102e-07','-6.56353e-08','2.13325e-08','-8.5842e-08','1.06239e-08','3.27439e-09','0','0','0','-7.83492e-06','-0.000118618','0.000101987','1.55386e-07','4.79867e-08','5.11566e-09','9.94972e-08','-1.23854e-06','1.78619e-09','0','0','0','-1.25644e-08','1.14102e-07','1.55386e-07','1.51024e-08','2.75482e-10','1.05447e-09','1.32123e-09','-7.36266e-08','2.62058e-10','0','0','0','2.05321e-08','-6.56353e-08','4.79867e-08','2.75482e-10','2.07405e-09','-6.64522e-10','-6.10544e-10','1.30962e-08','-3.07054e-11','0','0','0','-1.70172e-08','2.13325e-08','5.11566e-09','1.05447e-09','-6.64522e-10','7.18896e-10','7.75933e-10','-1.209e-08','2.38329e-11','0','0','0','-2.36108e-08','-8.5842e-08','9.94972e-08','1.32123e-09','-6.10544e-10','7.75933e-10','7.02561e-07','-1.40057e-08','2.68124e-11','0','0','0','3.14346e-07','1.06239e-08','-1.23854e-06','-7.36266e-08','1.30962e-08','-1.209e-08','-1.40057e-08','4.72666e-05','-1.49306e-09','0','0','0','-4.37082e-10','3.27439e-09','1.78619e-09','2.62058e-10','-3.07054e-11','2.38329e-11','2.68124e-11','-1.49306e-09','7.60007e-10','0','0','0','0','0','0','0','0','0','0','0','0','0','0','0','0','0','0','0','0','0','0','0','0','0','0','0','0','0','0','0','0','0','0','0','0','0','0','0']

reports.append(Report(575438848, ("DT", -2, 1, 3), "MBwhAst1sec03"))
reports[-1].posNum = 171
reports[-1].negNum = 0
reports[-1].fittype = "6DOF"
reports[-1].add_parameters(ValErr(0.00134468, 0.00256946, 0), \
                           ValErr(0.0819794, 0.0199277, 0), \
                           ValErr(0.0071498, 0.0149817, 0), \
                           ValErr(0.000124959, 0.0001257, 0), \
                           ValErr(1.79081e-05, 5.28629e-05, 0), \
                           ValErr(4.48856e-05, 3.84606e-05, 0), \
                           1585.04, 171, 171, -nan)
reports[-1].sigmax = ValErr(0.0235896, 0.00128963, 0)
reports[-1].sigmay = ValErr(0.115608, 0.00637874, 0)
reports[-1].sigmadxdz = ValErr(0.000489795, 2.82923e-05, 0)
reports[-1].sigmadydz = ValErr(0, 0, 0)
reports[-1].add_stats(0.00221002, 0.0906675, 3.52736e-05, -0.0158034, 0.00260846, 0.0886907, 7.78504e-05, -0.0141399, 0.00260846, 0.0886907, 7.78504e-05, -0.0141399, 0.00220026, 0.0863753, 7.75765e-05, -0.0140046, 0.00220026, 0.0863753, 7.75765e-05, -0.0140046, 0.0234622, 0.116322, 0.000488872, 0.0186301, 0.0234622, 0.116322, 0.000488872, 0.0186301)
reports[-1].CovMatrix = ['6.6021e-06','2.87162e-05','-2.35469e-05','-7.15456e-10','3.51563e-08','-3.06576e-08','-2.82972e-07','8.82989e-07','-1.43526e-09','0','0','0','2.87162e-05','0.000397115','-0.000265296','2.35294e-07','-4.03078e-08','1.5969e-08','-1.16523e-06','-6.38938e-07','-6.98453e-09','0','0','0','-2.35469e-05','-0.000265296','0.000224451','7.40883e-09','7.56077e-08','-1.63751e-08','6.8293e-07','1.23639e-06','3.65053e-09','0','0','0','-7.15456e-10','2.35294e-07','7.40883e-09','1.58004e-08','4.34067e-10','1.48531e-09','-1.98992e-09','-3.20324e-08','1.01522e-10','0','0','0','3.51563e-08','-4.03078e-08','7.56077e-08','4.34067e-10','2.79448e-09','-1.3787e-09','-8.23635e-09','5.23979e-08','-3.76617e-11','0','0','0','-3.06576e-08','1.5969e-08','-1.63751e-08','1.48531e-09','-1.3787e-09','1.47922e-09','5.9576e-09','-3.43988e-08','-1.17818e-11','0','0','0','-2.82972e-07','-1.16523e-06','6.8293e-07','-1.98992e-09','-8.23635e-09','5.9576e-09','1.66315e-06','-3.28244e-07','1.3817e-09','0','0','0','8.82989e-07','-6.38938e-07','1.23639e-06','-3.20324e-08','5.23979e-08','-3.43988e-08','-3.28244e-07','4.06888e-05','-3.56664e-09','0','0','0','-1.43526e-09','-6.98453e-09','3.65053e-09','1.01522e-10','-3.76617e-11','-1.17818e-11','1.3817e-09','-3.56664e-09','8.00459e-10','0','0','0','0','0','0','0','0','0','0','0','0','0','0','0','0','0','0','0','0','0','0','0','0','0','0','0','0','0','0','0','0','0','0','0','0','0','0','0']

reports.append(Report(575700992, ("DT", -2, 1, 4), "MBwhAst1sec04"))
reports[-1].posNum = 204
reports[-1].negNum = 0
reports[-1].fittype = "6DOF"
reports[-1].add_parameters(ValErr(-0.00099429, 0.00227841, 0), \
                           ValErr(0.1121, 0.0191504, 0), \
                           ValErr(-0.0226603, 0.0146812, 0), \
                           ValErr(1.94944e-05, 0.00011822, 0), \
                           ValErr(-0.000153632, 5.39039e-05, 0), \
                           ValErr(8.42592e-05, 3.42437e-05, 0), \
                           1839.51, 204, 204, -nan)
reports[-1].sigmax = ValErr(0.0238081, 0.00116697, 0)
reports[-1].sigmay = ValErr(0.10571, 0.00530571, 0)
reports[-1].sigmadxdz = ValErr(0.00068286, 3.3861e-05, 0)
reports[-1].sigmadydz = ValErr(0, 0, 0)
reports[-1].add_stats(-0.00085545, 0.0939662, -2.32401e-05, -0.0151414, -0.00107594, 0.0851138, -1.06544e-05, -0.0138529, -0.00107594, 0.0851138, -1.06544e-05, -0.0138529, -0.0035386, 0.0871338, -3.98565e-05, -0.0139845, -0.0035386, 0.0871338, -3.98565e-05, -0.0139845, 0.0237654, 0.108881, 0.000681376, 0.016903, 0.0237654, 0.108881, 0.000681376, 0.016903)
reports[-1].CovMatrix = ['5.19114e-06','2.39574e-05','-1.96591e-05','9.94906e-09','2.37031e-08','-1.99277e-08','-1.12143e-07','3.82396e-07','-2.45191e-10','0','0','0','2.39574e-05','0.000366737','-0.000257483','2.72023e-07','-8.79485e-08','4.06244e-08','-1.06851e-06','-1.66636e-06','4.71583e-09','0','0','0','-1.96591e-05','-0.000257483','0.000215536','-6.4365e-08','8.7703e-08','-2.43626e-08','1.19458e-06','1.35723e-06','-3.2012e-09','0','0','0','9.94906e-09','2.72023e-07','-6.4365e-08','1.3976e-08','3.14974e-10','1.07448e-09','-7.22287e-09','2.61367e-08','-5.16454e-11','0','0','0','2.37031e-08','-8.79485e-08','8.7703e-08','3.14974e-10','2.90563e-09','-1.0056e-09','-1.82135e-09','3.87415e-08','-1.1439e-10','0','0','0','-1.99277e-08','4.06244e-08','-2.43626e-08','1.07448e-09','-1.0056e-09','1.17263e-09','2.83797e-09','-1.8739e-08','-1.72028e-11','0','0','0','-1.12143e-07','-1.06851e-06','1.19458e-06','-7.22287e-09','-1.82135e-09','2.83797e-09','1.36183e-06','-1.23288e-07','1.48261e-10','0','0','0','3.82396e-07','-1.66636e-06','1.35723e-06','2.61367e-08','3.87415e-08','-1.8739e-08','-1.23288e-07','2.81509e-05','-1.65356e-09','0','0','0','-2.45191e-10','4.71583e-09','-3.2012e-09','-5.16454e-11','-1.1439e-10','-1.72028e-11','1.48261e-10','-1.65356e-09','1.14657e-09','0','0','0','0','0','0','0','0','0','0','0','0','0','0','0','0','0','0','0','0','0','0','0','0','0','0','0','0','0','0','0','0','0','0','0','0','0','0','0']

reports.append(Report(575963136, ("DT", -2, 1, 5), "MBwhAst1sec05"))
reports[-1].posNum = 210
reports[-1].negNum = 0
reports[-1].fittype = "6DOF"
reports[-1].add_parameters(ValErr(-0.00128037, 0.00247799, 0), \
                           ValErr(0.102487, 0.0198185, 0), \
                           ValErr(-0.0234608, 0.0151652, 0), \
                           ValErr(0.000173344, 0.00011802, 0), \
                           ValErr(-0.000164996, 5.72916e-05, 0), \
                           ValErr(8.80628e-05, 3.5947e-05, 0), \
                           1851.38, 210, 210, -nan)
reports[-1].sigmax = ValErr(0.0255431, 0.00128816, 0)
reports[-1].sigmay = ValErr(0.107548, 0.00539767, 0)
reports[-1].sigmadxdz = ValErr(0.000764922, 3.77489e-05, 0)
reports[-1].sigmadydz = ValErr(0, 0, 0)
reports[-1].add_stats(0.00185728, 0.0784595, -5.16366e-05, -0.0123527, -0.00146562, 0.0732699, -4.2872e-05, -0.0119241, -0.00146562, 0.0732699, -4.2872e-05, -0.0119241, -0.00282814, 0.0699533, -3.41071e-05, -0.0116882, -0.00282814, 0.0699533, -3.41071e-05, -0.0116882, 0.0255463, 0.110781, 0.000765414, 0.0181341, 0.0255463, 0.110781, 0.000765414, 0.0181341)
reports[-1].CovMatrix = ['6.14044e-06','2.74197e-05','-2.25925e-05','-6.07382e-09','2.64245e-08','-2.74678e-08','1.17858e-07','-4.33325e-08','1.32074e-09','0','0','0','2.74197e-05','0.000392772','-0.00027814','1.99696e-07','-5.495e-08','-3.38889e-08','2.84793e-06','-2.54477e-06','-5.33247e-09','0','0','0','-2.25925e-05','-0.00027814','0.000229982','-3.04669e-08','7.24617e-08','2.53e-08','-2.09013e-06','2.21792e-06','2.06554e-09','0','0','0','-6.07382e-09','1.99696e-07','-3.04669e-08','1.39288e-08','6.914e-10','1.04148e-09','-3.44747e-10','1.26036e-09','-8.51138e-11','0','0','0','2.64245e-08','-5.495e-08','7.24617e-08','6.914e-10','3.28233e-09','-1.04273e-09','7.28764e-09','3.26015e-08','-1.15415e-10','0','0','0','-2.74678e-08','-3.38889e-08','2.53e-08','1.04148e-09','-1.04273e-09','1.29219e-09','-5.83558e-09','-1.60129e-08','-2.11985e-11','0','0','0','1.17858e-07','2.84793e-06','-2.09013e-06','-3.44747e-10','7.28764e-09','-5.83558e-09','1.65936e-06','1.10217e-07','-2.24732e-09','0','0','0','-4.33325e-08','-2.54477e-06','2.21792e-06','1.26036e-09','3.26015e-08','-1.60129e-08','1.10217e-07','2.91351e-05','-2.9664e-09','0','0','0','1.32074e-09','-5.33247e-09','2.06554e-09','-8.51138e-11','-1.15415e-10','-2.11985e-11','-2.24732e-09','-2.9664e-09','1.42499e-09','0','0','0','0','0','0','0','0','0','0','0','0','0','0','0','0','0','0','0','0','0','0','0','0','0','0','0','0','0','0','0','0','0','0','0','0','0','0','0']

reports.append(Report(576225280, ("DT", -2, 1, 6), "MBwhAst1sec06"))
reports[-1].posNum = 193
reports[-1].negNum = 0
reports[-1].fittype = "6DOF"
reports[-1].add_parameters(ValErr(0.00438035, 0.00224558, 0), \
                           ValErr(0.118629, 0.0206008, 0), \
                           ValErr(-0.0169536, 0.0154808, 0), \
                           ValErr(5.18265e-05, 0.000132811, 0), \
                           ValErr(2.42437e-05, 5.70606e-05, 0), \
                           ValErr(1.87011e-05, 3.62803e-05, 0), \
                           1730.13, 193, 193, -nan)
reports[-1].sigmax = ValErr(0.0241691, 0.0012621, 0)
reports[-1].sigmay = ValErr(0.112645, 0.00584804, 0)
reports[-1].sigmadxdz = ValErr(0.000665503, 3.61488e-05, 0)
reports[-1].sigmadydz = ValErr(0, 0, 0)
reports[-1].add_stats(0.00206327, 0.0904664, 3.57314e-05, -0.0153714, 0.00315144, 0.0975429, 8.19685e-05, -0.0150279, 0.00315144, 0.0975429, 8.19685e-05, -0.0150279, -0.000176757, 0.0946536, -7.26804e-06, -0.014611, -0.000176757, 0.0946536, -7.26804e-06, -0.014611, 0.024197, 0.112516, 0.000664567, 0.0164364, 0.024197, 0.112516, 0.000664567, 0.0164364)
reports[-1].CovMatrix = ['5.04264e-06','2.12357e-05','-1.76883e-05','4.86409e-09','2.74482e-08','-2.22757e-08','-1.23529e-07','4.87194e-07','-8.65255e-10','0','0','0','2.12357e-05','0.000424391','-0.000290601','3.54312e-07','-1.34947e-07','1.16089e-07','-1.2355e-07','-7.31828e-07','2.41594e-08','0','0','0','-1.76883e-05','-0.000290601','0.000239654','-6.66163e-08','9.92905e-08','-6.74276e-08','1.94294e-08','9.94783e-07','-1.46527e-08','0','0','0','4.86409e-09','3.54312e-07','-6.66163e-08','1.76387e-08','4.45241e-10','1.17659e-09','-8.81511e-09','3.54347e-08','1.01248e-10','0','0','0','2.74482e-08','-1.34947e-07','9.92905e-08','4.45241e-10','3.25592e-09','-1.18446e-09','-6.71577e-09','4.86727e-08','-5.90253e-11','0','0','0','-2.22757e-08','1.16089e-07','-6.74276e-08','1.17659e-09','-1.18446e-09','1.31626e-09','4.87892e-09','-1.94464e-08','7.47715e-12','0','0','0','-1.23529e-07','-1.2355e-07','1.94294e-08','-8.81511e-09','-6.71577e-09','4.87892e-09','1.59291e-06','-3.55599e-07','7.19013e-10','0','0','0','4.87194e-07','-7.31828e-07','9.94783e-07','3.54347e-08','4.86727e-08','-1.94464e-08','-3.55599e-07','3.41999e-05','-2.94178e-09','0','0','0','-8.65255e-10','2.41594e-08','-1.46527e-08','1.01248e-10','-5.90253e-11','7.47715e-12','7.19013e-10','-2.94178e-09','1.30675e-09','0','0','0','0','0','0','0','0','0','0','0','0','0','0','0','0','0','0','0','0','0','0','0','0','0','0','0','0','0','0','0','0','0','0','0','0','0','0','0']

reports.append(Report(576487424, ("DT", -2, 1, 7), "MBwhAst1sec07"))
reports[-1].posNum = 233
reports[-1].negNum = 0
reports[-1].fittype = "6DOF"
reports[-1].add_parameters(ValErr(-0.00420039, 0.00241725, 0), \
                           ValErr(0.113634, 0.0211222, 0), \
                           ValErr(-0.023032, 0.0160425, 0), \
                           ValErr(0.000364835, 0.000114672, 0), \
                           ValErr(-0.000147247, 5.55068e-05, 0), \
                           ValErr(9.26055e-05, 3.47119e-05, 0), \
                           2028.74, 233, 233, -nan)
reports[-1].sigmax = ValErr(0.0278644, 0.00130727, 0)
reports[-1].sigmay = ValErr(0.115505, 0.00535247, 0)
reports[-1].sigmadxdz = ValErr(0.000728135, 3.415e-05, 0)
reports[-1].sigmadydz = ValErr(0, 0, 0)
reports[-1].add_stats(-0.00250053, 0.0902839, 8.97225e-06, -0.0154467, -0.00538067, 0.086524, -8.21932e-05, -0.0138617, -0.00538067, 0.086524, -8.21932e-05, -0.0138617, -0.00769368, 0.0877807, -0.000114172, -0.0146694, -0.00769368, 0.0877807, -0.000114172, -0.0146694, 0.0280908, 0.118871, 0.000726268, 0.0192772, 0.0280908, 0.118871, 0.000726268, 0.0192772)
reports[-1].CovMatrix = ['5.84311e-06','3.01398e-05','-2.43275e-05','2.00136e-08','9.20979e-09','-5.38273e-09','-7.50487e-08','-4.8038e-09','-1.17566e-09','0','0','0','3.01398e-05','0.000446147','-0.000316292','2.18628e-07','-1.36453e-07','6.24045e-08','-1.17025e-06','3.91416e-07','-9.78803e-09','0','0','0','-2.43275e-05','-0.000316292','0.000257362','-1.77942e-07','1.26088e-07','-5.98583e-08','9.89775e-07','-3.50687e-07','8.57814e-09','0','0','0','2.00136e-08','2.18628e-07','-1.77942e-07','1.31496e-08','7.65868e-10','1.0589e-09','7.34052e-09','-2.06239e-08','1.98052e-10','0','0','0','9.20979e-09','-1.36453e-07','1.26088e-07','7.65868e-10','3.081e-09','-1.01377e-09','4.93984e-09','-5.45898e-13','5.10005e-11','0','0','0','-5.38273e-09','6.24045e-08','-5.98583e-08','1.0589e-09','-1.01377e-09','1.20492e-09','-4.31464e-10','-2.64291e-09','3.70859e-11','0','0','0','-7.50487e-08','-1.17025e-06','9.89775e-07','7.34052e-09','4.93984e-09','-4.31464e-10','1.70895e-06','7.57418e-08','1.0578e-09','0','0','0','-4.8038e-09','3.91416e-07','-3.50687e-07','-2.06239e-08','-5.45898e-13','-2.64291e-09','7.57418e-08','2.86492e-05','8.52255e-10','0','0','0','-1.17566e-09','-9.78803e-09','8.57814e-09','1.98052e-10','5.10005e-11','3.70859e-11','1.0578e-09','8.52255e-10','1.16623e-09','0','0','0','0','0','0','0','0','0','0','0','0','0','0','0','0','0','0','0','0','0','0','0','0','0','0','0','0','0','0','0','0','0','0','0','0','0','0','0']

reports.append(Report(576749568, ("DT", -2, 1, 8), "MBwhAst1sec08"))
reports[-1].posNum = 197
reports[-1].negNum = 0
reports[-1].fittype = "6DOF"
reports[-1].add_parameters(ValErr(0.00249486, 0.00260966, 0), \
                           ValErr(0.129975, 0.0220532, 0), \
                           ValErr(-0.0236196, 0.017117, 0), \
                           ValErr(0.000317266, 0.00011862, 0), \
                           ValErr(-7.50165e-05, 5.36817e-05, 0), \
                           ValErr(7.35125e-05, 3.42341e-05, 0), \
                           1759.98, 197, 197, -nan)
reports[-1].sigmax = ValErr(0.0261197, 0.00130135, 0)
reports[-1].sigmay = ValErr(0.108951, 0.00541555, 0)
reports[-1].sigmadxdz = ValErr(0.000656381, 3.30211e-05, 0)
reports[-1].sigmadydz = ValErr(0, 0, 0)
reports[-1].add_stats(0.000840904, 0.104906, -4.10989e-05, -0.0162261, 0.000921658, 0.100152, -2.92025e-05, -0.0155842, 0.000921658, 0.100152, -2.92025e-05, -0.0155842, -0.000838623, 0.091061, -4.8654e-05, -0.0146598, -0.000838623, 0.091061, -4.8654e-05, -0.0146598, 0.0263662, 0.111069, 0.00065474, 0.0173498, 0.0263662, 0.111069, 0.00065474, 0.0173498)
reports[-1].CovMatrix = ['6.81031e-06','3.55654e-05','-2.91171e-05','4.3758e-08','1.70495e-08','-1.04543e-08','8.00073e-09','-3.70653e-07','-9.63069e-10','0','0','0','3.55654e-05','0.000486343','-0.000353163','5.08983e-07','-7.45271e-08','7.25863e-08','8.72648e-07','-3.54495e-06','7.45407e-09','0','0','0','-2.91171e-05','-0.000353163','0.000292992','-3.39128e-07','7.49416e-08','-6.25011e-08','-1.09895e-06','1.77928e-06','-8.28773e-09','0','0','0','4.3758e-08','5.08983e-07','-3.39128e-07','1.40708e-08','2.89033e-10','1.24922e-09','-5.78301e-09','-3.81985e-08','5.76972e-13','0','0','0','1.70495e-08','-7.45271e-08','7.49416e-08','2.89033e-10','2.88173e-09','-9.75757e-10','-2.40548e-09','-8.81324e-09','1.30391e-11','0','0','0','-1.04543e-08','7.25863e-08','-6.25011e-08','1.24922e-09','-9.75757e-10','1.17198e-09','3.81522e-09','1.5134e-09','1.32597e-11','0','0','0','8.00073e-09','8.72648e-07','-1.09895e-06','-5.78301e-09','-2.40548e-09','3.81522e-09','1.69351e-06','-1.88922e-07','1.61844e-09','0','0','0','-3.70653e-07','-3.54495e-06','1.77928e-06','-3.81985e-08','-8.81324e-09','1.5134e-09','-1.88922e-07','2.93284e-05','1.51861e-09','0','0','0','-9.63069e-10','7.45407e-09','-8.28773e-09','5.76972e-13','1.30391e-11','1.32597e-11','1.61844e-09','1.51861e-09','1.0904e-09','0','0','0','0','0','0','0','0','0','0','0','0','0','0','0','0','0','0','0','0','0','0','0','0','0','0','0','0','0','0','0','0','0','0','0','0','0','0','0']

reports.append(Report(577011712, ("DT", -2, 1, 9), "MBwhAst1sec09"))
reports[-1].posNum = 169
reports[-1].negNum = 0
reports[-1].fittype = "6DOF"
reports[-1].add_parameters(ValErr(0.00390447, 0.00290259, 0), \
                           ValErr(0.1192, 0.026585, 0), \
                           ValErr(-0.0189536, 0.0203849, 0), \
                           ValErr(0.000344256, 0.000148005, 0), \
                           ValErr(-2.14008e-05, 6.73745e-05, 0), \
                           ValErr(0.000111682, 4.38577e-05, 0), \
                           1463.4, 169, 169, -nan)
reports[-1].sigmax = ValErr(0.0286146, 0.00160635, 0)
reports[-1].sigmay = ValErr(0.121015, 0.00722837, 0)
reports[-1].sigmadxdz = ValErr(0.000709937, 3.93467e-05, 0)
reports[-1].sigmadydz = ValErr(0, 0, 0)
reports[-1].add_stats(0.00190497, 0.0923467, 9.85559e-05, -0.0127047, 0.00384219, 0.0911121, 0.000140741, -0.0139057, 0.00384219, 0.0911121, 0.000140741, -0.0139057, 0.00560526, 0.0902186, 0.000180639, -0.0141671, 0.00560526, 0.0902186, 0.000180639, -0.0141671, 0.0283689, 0.12445, 0.000707256, 0.0193046, 0.0283689, 0.12445, 0.000707256, 0.0193046)
reports[-1].CovMatrix = ['8.42501e-06','3.56948e-05','-3.02538e-05','2.40197e-08','3.70246e-08','-3.07701e-08','-8.70818e-08','2.26588e-06','7.3964e-10','0','0','0','3.56948e-05','0.000706763','-0.000504113','7.62071e-07','-1.60675e-07','1.29376e-07','-1.6848e-06','-1.66218e-05','2.31948e-08','0','0','0','-3.02538e-05','-0.000504113','0.000415544','-3.47333e-07','1.219e-07','-6.37023e-08','1.16681e-06','9.24083e-06','-1.02504e-08','0','0','0','2.40197e-08','7.62071e-07','-3.47333e-07','2.19053e-08','6.03233e-10','1.90852e-09','3.79039e-09','-8.7513e-08','2.77671e-10','0','0','0','3.70246e-08','-1.60675e-07','1.219e-07','6.03233e-10','4.53932e-09','-1.59892e-09','-8.9597e-09','7.83461e-08','-1.30002e-10','0','0','0','-3.07701e-08','1.29376e-07','-6.37023e-08','1.90852e-09','-1.59892e-09','1.9235e-09','1.10954e-08','-5.74909e-08','-6.28335e-13','0','0','0','-8.70818e-08','-1.6848e-06','1.16681e-06','3.79039e-09','-8.9597e-09','1.10954e-08','2.58038e-06','4.61885e-07','-8.76116e-10','0','0','0','2.26588e-06','-1.66218e-05','9.24083e-06','-8.7513e-08','7.83461e-08','-5.74909e-08','4.61885e-07','5.22501e-05','-7.0621e-09','0','0','0','7.3964e-10','2.31948e-08','-1.02504e-08','2.77671e-10','-1.30002e-10','-6.28335e-13','-8.76116e-10','-7.0621e-09','1.54818e-09','0','0','0','0','0','0','0','0','0','0','0','0','0','0','0','0','0','0','0','0','0','0','0','0','0','0','0','0','0','0','0','0','0','0','0','0','0','0','0']

reports.append(Report(577273856, ("DT", -2, 1, 10), "MBwhAst1sec10"))
reports[-1].posNum = 118
reports[-1].negNum = 0
reports[-1].fittype = "6DOF"
reports[-1].add_parameters(ValErr(-0.003065, 0.00301825, 0), \
                           ValErr(0.0973843, 0.0269728, 0), \
                           ValErr(0.000878563, 0.0205034, 0), \
                           ValErr(0.000333122, 0.000150316, 0), \
                           ValErr(-4.19274e-05, 6.97149e-05, 0), \
                           ValErr(5.01855e-05, 4.33872e-05, 0), \
                           1058.19, 118, 118, -nan)
reports[-1].sigmax = ValErr(0.0245689, 0.00167084, 0)
reports[-1].sigmay = ValErr(0.111125, 0.00752281, 0)
reports[-1].sigmadxdz = ValErr(0.000661347, 5.21953e-05, 0)
reports[-1].sigmadydz = ValErr(0, 0, 0)
reports[-1].add_stats(-0.00113249, 0.102037, 3.02322e-05, -0.0176627, -0.00237646, 0.0957622, -1.18098e-05, -0.0158682, -0.00237646, 0.0957622, -1.18098e-05, -0.0158682, -0.00504019, 0.105718, -8.0101e-05, -0.01688, -0.00504019, 0.105718, -8.0101e-05, -0.01688, 0.0244871, 0.114573, 0.000658393, 0.018263, 0.0244871, 0.114573, 0.000658393, 0.018263)
reports[-1].CovMatrix = ['9.10983e-06','4.61109e-05','-3.82388e-05','1.86213e-08','3.20929e-08','-2.68732e-08','-1.26715e-07','4.34475e-07','1.30527e-10','0','0','0','4.61109e-05','0.00072753','-0.000510531','5.3895e-07','-1.11398e-07','2.17791e-08','-1.81375e-06','-6.56385e-07','1.78326e-08','0','0','0','-3.82388e-05','-0.000510531','0.000420388','-2.82644e-07','1.05208e-07','-1.04856e-08','1.21831e-06','-3.03707e-07','-3.93072e-09','0','0','0','1.86213e-08','5.3895e-07','-2.82644e-07','2.25949e-08','6.24409e-10','1.8354e-09','1.04211e-09','-9.54217e-08','5.55358e-10','0','0','0','3.20929e-08','-1.11398e-07','1.05208e-07','6.24409e-10','4.86017e-09','-1.64428e-09','-9.16787e-09','1.43257e-08','2.04769e-10','0','0','0','-2.68732e-08','2.17791e-08','-1.04856e-08','1.8354e-09','-1.64428e-09','1.88245e-09','6.69448e-09','-1.33019e-08','-1.31191e-10','0','0','0','-1.26715e-07','-1.81375e-06','1.21831e-06','1.04211e-09','-9.16787e-09','6.69448e-09','2.7917e-06','7.06431e-07','-1.35562e-08','0','0','0','4.34475e-07','-6.56385e-07','-3.03707e-07','-9.54217e-08','1.43257e-08','-1.33019e-08','7.06431e-07','5.65936e-05','-5.92097e-08','0','0','0','1.30527e-10','1.78326e-08','-3.93072e-09','5.55358e-10','2.04769e-10','-1.31191e-10','-1.35562e-08','-5.92097e-08','2.72439e-09','0','0','0','0','0','0','0','0','0','0','0','0','0','0','0','0','0','0','0','0','0','0','0','0','0','0','0','0','0','0','0','0','0','0','0','0','0','0','0']

reports.append(Report(577536000, ("DT", -2, 1, 11), "MBwhAst1sec11"))
reports[-1].posNum = 168
reports[-1].negNum = 0
reports[-1].fittype = "6DOF"
reports[-1].add_parameters(ValErr(0.00379902, 0.00325036, 0), \
                           ValErr(0.122629, 0.0276659, 0), \
                           ValErr(-0.0233569, 0.021184, 0), \
                           ValErr(0.000319579, 0.000150096, 0), \
                           ValErr(-0.000101598, 6.95926e-05, 0), \
                           ValErr(8.0818e-05, 4.53935e-05, 0), \
                           1435.38, 168, 168, -nan)
reports[-1].sigmax = ValErr(0.0294666, 0.00175452, 0)
reports[-1].sigmay = ValErr(0.1255, 0.00747129, 0)
reports[-1].sigmadxdz = ValErr(0.000745982, 4.07135e-05, 0)
reports[-1].sigmadydz = ValErr(0, 0, 0)
reports[-1].add_stats(0.00126266, 0.110208, 3.3054e-05, -0.0169116, 0.0027145, 0.0929379, -3.96153e-06, -0.0137351, 0.0027145, 0.0929379, -3.96153e-06, -0.0137351, 0.00385317, 0.0847874, 2.15426e-06, -0.0136023, 0.00385317, 0.0847874, 2.15426e-06, -0.0136023, 0.0293552, 0.128954, 0.000745915, 0.0200983, 0.0293552, 0.128954, 0.000745915, 0.0200983)
reports[-1].CovMatrix = ['1.05648e-05','5.73589e-05','-4.63803e-05','4.81763e-08','3.50538e-08','-2.85934e-08','-4.68446e-07','-1.71329e-07','-5.87889e-10','0','0','0','5.73589e-05','0.000765401','-0.00054733','8.21166e-07','-4.14488e-08','3.82496e-09','-3.70704e-06','-1.04944e-05','-1.09374e-08','0','0','0','-4.63803e-05','-0.00054733','0.000448763','-5.26817e-07','7.19309e-08','-5.91749e-09','2.40376e-06','7.72417e-06','6.0905e-09','0','0','0','4.81763e-08','8.21166e-07','-5.26817e-07','2.25287e-08','6.06507e-10','1.97135e-09','-1.81531e-08','-1.1533e-07','-2.12143e-11','0','0','0','3.50538e-08','-4.14488e-08','7.19309e-08','6.06507e-10','4.84313e-09','-1.85573e-09','-5.85553e-09','7.77894e-08','-9.51797e-11','0','0','0','-2.85934e-08','3.82496e-09','-5.91749e-09','1.97135e-09','-1.85573e-09','2.06057e-09','4.53167e-09','-5.89584e-08','-6.11232e-11','0','0','0','-4.68446e-07','-3.70704e-06','2.40376e-06','-1.81531e-08','-5.85553e-09','4.53167e-09','3.07834e-06','1.66121e-06','-8.50563e-11','0','0','0','-1.71329e-07','-1.04944e-05','7.72417e-06','-1.1533e-07','7.77894e-08','-5.89584e-08','1.66121e-06','5.58211e-05','3.95479e-10','0','0','0','-5.87889e-10','-1.09374e-08','6.0905e-09','-2.12143e-11','-9.51797e-11','-6.11232e-11','-8.50563e-11','3.95479e-10','1.6576e-09','0','0','0','0','0','0','0','0','0','0','0','0','0','0','0','0','0','0','0','0','0','0','0','0','0','0','0','0','0','0','0','0','0','0','0','0','0','0','0']

reports.append(Report(577798144, ("DT", -2, 1, 12), "MBwhAst1sec12"))
reports[-1].posNum = 211
reports[-1].negNum = 0
reports[-1].fittype = "6DOF"
reports[-1].add_parameters(ValErr(0.00422754, 0.00253742, 0), \
                           ValErr(0.134651, 0.0216633, 0), \
                           ValErr(-0.0286377, 0.0163959, 0), \
                           ValErr(0.000124956, 0.000125985, 0), \
                           ValErr(-2.12054e-06, 5.7529e-05, 0), \
                           ValErr(2.45412e-05, 3.596e-05, 0), \
                           1841.27, 211, 211, -nan)
reports[-1].sigmax = ValErr(0.0255536, 0.00130272, 0)
reports[-1].sigmay = ValErr(0.122219, 0.0064116, 0)
reports[-1].sigmadxdz = ValErr(0.000735992, 3.72044e-05, 0)
reports[-1].sigmadydz = ValErr(0, 0, 0)
reports[-1].add_stats(0.00173473, 0.11073, 0.000100273, -0.0172941, 0.00148383, 0.0983457, 6.29253e-05, -0.0151722, 0.00148383, 0.0983457, 6.29253e-05, -0.0151722, 0.0022574, 0.103537, 7.19467e-05, -0.0157459, 0.0022574, 0.103537, 7.19467e-05, -0.0157459, 0.0257015, 0.122604, 0.000734247, 0.019427, 0.0257015, 0.122604, 0.000734247, 0.019427)
reports[-1].CovMatrix = ['6.43851e-06','3.2198e-05','-2.62732e-05','3.28116e-09','2.68064e-08','-2.58778e-08','-2.60478e-07','3.89091e-07','1.98295e-09','0','0','0','3.2198e-05','0.000469297','-0.000323528','2.96505e-07','-1.28902e-07','5.79665e-08','-2.10495e-06','-7.69411e-06','3.8311e-08','0','0','0','-2.62732e-05','-0.000323528','0.000268824','9.87628e-09','1.37413e-07','-3.84453e-08','1.30927e-06','3.82157e-06','-2.3726e-08','0','0','0','3.28116e-09','2.96505e-07','9.87628e-09','1.58723e-08','1.52806e-10','1.50784e-09','5.06741e-09','-3.88811e-08','6.15426e-12','0','0','0','2.68064e-08','-1.28902e-07','1.37413e-07','1.52806e-10','3.30959e-09','-1.10526e-09','-4.13769e-09','4.94914e-08','-1.41154e-10','0','0','0','-2.58778e-08','5.79665e-08','-3.84453e-08','1.50784e-09','-1.10526e-09','1.29312e-09','6.15292e-09','-2.40099e-08','-2.9998e-11','0','0','0','-2.60478e-07','-2.10495e-06','1.30927e-06','5.06741e-09','-4.13769e-09','6.15292e-09','1.6971e-06','6.57023e-07','-3.58419e-09','0','0','0','3.89091e-07','-7.69411e-06','3.82157e-06','-3.88811e-08','4.94914e-08','-2.40099e-08','6.57023e-07','4.1109e-05','-2.56053e-08','0','0','0','1.98295e-09','3.8311e-08','-2.3726e-08','6.15426e-12','-1.41154e-10','-2.9998e-11','-3.58419e-09','-2.56053e-08','1.38418e-09','0','0','0','0','0','0','0','0','0','0','0','0','0','0','0','0','0','0','0','0','0','0','0','0','0','0','0','0','0','0','0','0','0','0','0','0','0','0','0']

reports.append(Report(579108864, ("DT", -2, 2, 1), "MBwhAst2sec01"))
reports[-1].posNum = 234
reports[-1].negNum = 0
reports[-1].fittype = "6DOF"
reports[-1].add_parameters(ValErr(-0.000134542, 0.000603356, 0), \
                           ValErr(-0.0113587, 0.0067185, 0), \
                           ValErr(-0.00166605, 0.00380279, 0), \
                           ValErr(5.43661e-05, 7.14938e-05, 0), \
                           ValErr(-2.93167e-05, 2.31984e-05, 0), \
                           ValErr(4.25046e-07, 1.20411e-05, 0), \
                           2517.58, 234, 234, -nan)
reports[-1].sigmax = ValErr(0.0090557, 0.000372044, 0)
reports[-1].sigmay = ValErr(0.0989143, 0.00453498, 0)
reports[-1].sigmadxdz = ValErr(0.000336193, 1.48799e-05, 0)
reports[-1].sigmadydz = ValErr(0, 0, 0)
reports[-1].add_stats(3.33919e-05, -0.0137208, -1.76377e-05, 0.00076528, 0.000118423, -0.0132184, -3.2065e-05, 0.00123771, 0.000118423, -0.0132184, -3.2065e-05, 0.00123771, -0.00121343, -0.0158466, -1.90546e-05, 0.00167563, -0.00121343, -0.0158466, -1.90546e-05, 0.00167563, 0.0090522, 0.0989909, 0.000336309, 0.0172063, 0.0090522, 0.0989909, 0.000336309, 0.0172063)
reports[-1].CovMatrix = ['3.64039e-07','5.78312e-07','-1.39046e-07','3.22301e-09','4.13759e-09','-2.34599e-09','-8.70956e-09','3.72896e-09','6.27588e-10','0','0','0','5.78312e-07','4.51382e-05','-1.05559e-05','-2.07622e-08','2.62867e-08','-5.38322e-09','-9.28445e-10','-2.57707e-07','-1.01159e-08','0','0','0','-1.39046e-07','-1.05559e-05','1.44612e-05','4.16143e-08','-1.64021e-08','8.65683e-10','1.79144e-08','5.64587e-07','5.8618e-09','0','0','0','3.22301e-09','-2.07622e-08','4.16143e-08','5.11137e-09','-7.15975e-12','-1.45339e-10','9.38678e-10','5.07642e-10','-1.7629e-11','0','0','0','4.13759e-09','2.62867e-08','-1.64021e-08','-7.15975e-12','5.38164e-10','-1.314e-10','-2.94961e-11','1.26809e-10','1.56564e-11','0','0','0','-2.34599e-09','-5.38322e-09','8.65683e-10','-1.45339e-10','-1.314e-10','1.44988e-10','4.18155e-11','6.51497e-10','-5.98567e-12','0','0','0','-8.70956e-09','-9.28445e-10','1.79144e-08','9.38678e-10','-2.94961e-11','4.18155e-11','1.38417e-07','-1.10797e-08','-4.01072e-10','0','0','0','3.72896e-09','-2.57707e-07','5.64587e-07','5.07642e-10','1.26809e-10','6.51497e-10','-1.10797e-08','2.05661e-05','1.27451e-09','0','0','0','6.27588e-10','-1.01159e-08','5.8618e-09','-1.7629e-11','1.56564e-11','-5.98567e-12','-4.01072e-10','1.27451e-09','2.21411e-10','0','0','0','0','0','0','0','0','0','0','0','0','0','0','0','0','0','0','0','0','0','0','0','0','0','0','0','0','0','0','0','0','0','0','0','0','0','0','0']

reports.append(Report(579371008, ("DT", -2, 2, 2), "MBwhAst2sec02"))
reports[-1].posNum = 232
reports[-1].negNum = 0
reports[-1].fittype = "6DOF"
reports[-1].add_parameters(ValErr(0.000907043, 0.000842412, 0), \
                           ValErr(-0.00502596, 0.00962754, 0), \
                           ValErr(0.00152182, 0.00611144, 0), \
                           ValErr(9.2516e-05, 8.95689e-05, 0), \
                           ValErr(-2.05676e-05, 2.75201e-05, 0), \
                           ValErr(5.6846e-07, 1.65044e-05, 0), \
                           2391.94, 232, 232, -nan)
reports[-1].sigmax = ValErr(0.0113472, 0.00052704, 0)
reports[-1].sigmay = ValErr(0.110808, 0.00514914, 0)
reports[-1].sigmadxdz = ValErr(0.000375163, 1.74202e-05, 0)
reports[-1].sigmadydz = ValErr(0, 0, 0)
reports[-1].add_stats(-3.91009e-05, 0.00225188, 4.26462e-06, -0.000150212, 0.000976049, -0.00356632, -1.28323e-05, 0.00108182, 0.000976049, -0.00356632, -1.28323e-05, 0.00108182, 0.000936313, -0.00765346, -1.34085e-05, 0.00233263, 0.000936313, -0.00765346, -1.34085e-05, 0.00233263, 0.0113623, 0.110836, 0.000375698, 0.0191066, 0.0113623, 0.110836, 0.000375698, 0.0191066)
reports[-1].CovMatrix = ['7.09657e-07','-1.96588e-06','1.85667e-06','7.48538e-10','6.31556e-09','-2.91821e-09','-2.89527e-09','-4.30504e-08','-1.71294e-11','0','0','0','-1.96588e-06','9.26895e-05','-3.85181e-05','2.54258e-08','1.79995e-09','3.05843e-09','2.85843e-09','-2.54417e-08','-1.29533e-10','0','0','0','1.85667e-06','-3.85181e-05','3.73498e-05','-2.60519e-08','-6.90808e-09','-4.04686e-10','1.49972e-10','5.12414e-09','1.41757e-10','0','0','0','7.48538e-10','2.54258e-08','-2.60519e-08','8.02258e-09','-6.46098e-11','-3.95994e-10','-5.97955e-10','-1.52445e-08','-2.98063e-11','0','0','0','6.31556e-09','1.79995e-09','-6.90808e-09','-6.46098e-11','7.57355e-10','-2.323e-10','-3.25338e-10','-4.01301e-09','-2.11685e-12','0','0','0','-2.91821e-09','3.05843e-09','-4.04686e-10','-3.95994e-10','-2.323e-10','2.72394e-10','2.45893e-10','2.74878e-09','1.15617e-12','0','0','0','-2.89527e-09','2.85843e-09','1.49972e-10','-5.97955e-10','-3.25338e-10','2.45893e-10','2.77771e-07','3.39383e-09','2.5862e-12','0','0','0','-4.30504e-08','-2.54417e-08','5.12414e-09','-1.52445e-08','-4.01301e-09','2.74878e-09','3.39383e-09','2.65139e-05','6.53751e-11','0','0','0','-1.71294e-11','-1.29533e-10','1.41757e-10','-2.98063e-11','-2.11685e-12','1.15617e-12','2.5862e-12','6.53751e-11','3.03466e-10','0','0','0','0','0','0','0','0','0','0','0','0','0','0','0','0','0','0','0','0','0','0','0','0','0','0','0','0','0','0','0','0','0','0','0','0','0','0','0']

reports.append(Report(579633152, ("DT", -2, 2, 3), "MBwhAst2sec03"))
reports[-1].posNum = 239
reports[-1].negNum = 0
reports[-1].fittype = "6DOF"
reports[-1].add_parameters(ValErr(0.00138676, 0.000739072, 0), \
                           ValErr(-0.00661778, 0.00966969, 0), \
                           ValErr(-0.0011098, 0.00588722, 0), \
                           ValErr(-4.5868e-05, 9.07855e-05, 0), \
                           ValErr(1.0912e-05, 2.546e-05, 0), \
                           ValErr(-1.22373e-05, 1.37271e-05, 0), \
                           2494.51, 239, 239, -nan)
reports[-1].sigmax = ValErr(0.00970189, 0.000444007, 0)
reports[-1].sigmay = ValErr(0.11924, 0.00546043, 0)
reports[-1].sigmadxdz = ValErr(0.000359037, 1.64285e-05, 0)
reports[-1].sigmadydz = ValErr(0, 0, 0)
reports[-1].add_stats(0.00036931, 0.00936622, 1.9932e-06, -0.00119729, 0.00112545, -0.00721142, 3.97801e-06, 0.00120058, 0.00112545, -0.00721142, 3.97801e-06, 0.00120058, 0.000679712, -0.00565336, -3.60018e-05, 0.000347912, 0.000679712, -0.00565336, -3.60018e-05, 0.000347912, 0.00973909, 0.119054, 0.000359194, 0.0204876, 0.00973909, 0.119054, 0.000359194, 0.0204876)
