nan = None;  NAN = None
nan = 0
reports = []
class ValErr:
    def __init__(self, value, error, antisym):
        self.value, self.error, self.antisym = value, error, antisym

    def __repr__(self):
        if self.antisym == 0.:
            return "%g +- %g" % (self.value, self.error)
        else:
            return "%g +- %g ~ %g" % (self.value, self.error, self.antisym)

class Report:
    def __init__(self, chamberId, postal_address, name):
        self.chamberId, self.postal_address, self.name = chamberId, postal_address, name
        self.status = "NOFIT"
        self.fittype = None
        self.CovMatrix = None

    def add_parameters(self, deltax, deltay, deltaz, deltaphix, deltaphiy, deltaphiz, loglikelihood, numsegments, sumofweights, redchi2):
        self.status = "PASS"
        self.deltax, self.deltay, self.deltaz, self.deltaphix, self.deltaphiy, self.deltaphiz = deltax, deltay, deltaz, deltaphix, deltaphiy, deltaphiz
        self.loglikelihood, self.numsegments, self.sumofweights, self.redchi2 = loglikelihood, numsegments, sumofweights, redchi2

    def add_stats(self, median_x, median_y, median_dxdz, median_dydz, mean30_x, mean30_y, mean20_dxdz, mean50_dydz, mean15_x, mean15_y, mean10_dxdz, mean25_dydz, wmean30_x, wmean30_y, wmean20_dxdz, wmean50_dydz, wmean15_x, wmean15_y, wmean10_dxdz, wmean25_dydz, stdev30_x, stdev30_y, stdev20_dxdz, stdev50_dydz, stdev15_x, stdev15_y, stdev10_dxdz, stdev25_dydz):
        self.median_x, self.median_y, self.median_dxdz, self.median_dydz, self.mean30_x, self.mean30_y, self.mean20_dxdz, self.mean50_dydz, self.mean15_x, self.mean15_y, self.mean10_dxdz, self.mean25_dydz, self.wmean30_x, self.wmean30_y, self.wmean20_dxdz, self.wmean50_dydz, self.wmean15_x, self.wmean15_y, self.wmean10_dxdz, self.wmean25_dydz, self.stdev30_x, self.stdev30_y, self.stdev20_dxdz, self.stdev50_dydz, self.stdev15_x, self.stdev15_y, self.stdev10_dxdz, self.stdev25_dydz = median_x, median_y, median_dxdz, median_dydz, mean30_x, mean30_y, mean20_dxdz, mean50_dydz, mean15_x, mean15_y, mean10_dxdz, mean25_dydz, wmean30_x, wmean30_y, wmean20_dxdz, wmean50_dydz, wmean15_x, wmean15_y, wmean10_dxdz, wmean25_dydz, stdev30_x, stdev30_y, stdev20_dxdz, stdev50_dydz, stdev15_x, stdev15_y, stdev10_dxdz, stdev25_dydz

    def __repr__(self):
        return "<Report %s %s %s>" % (self.postal_address[0], " ".join(map(str, self.postal_address[1:])), self.status)

reports.append(Report(574914560, ("DT", -2, 1, 1), "MBwhAst1sec01"))
reports[-1].posNum = 105
reports[-1].negNum = 0
reports[-1].fittype = "6DOF"
reports[-1].add_parameters(ValErr(0.000921844, 0.00260832, 0), \
                           ValErr(0.0975919, 0.0185207, 0), \
                           ValErr(0.0189231, 0.0127917, 0), \
                           ValErr(0.000497569, 8.51257e-05, 0), \
                           ValErr(5.75142e-05, 5.44551e-05, 0), \
                           ValErr(5.9834e-05, 2.69401e-05, 0), \
                           977.161, 105, 105, -nan)
reports[-1].sigmax = ValErr(0.0196872, 0.00128766, 0)
reports[-1].sigmay = ValErr(0.104577, 0.00634902, 0)
reports[-1].sigmadxdz = ValErr(0.000625258, 4.173e-05, 0)
reports[-1].sigmadydz = ValErr(0, 0, 0)
reports[-1].add_stats(0.00201034, 0.123455, 7.98755e-05, -0.0198459, 0.00300643, 0.115469, 8.83337e-05, -0.01876, 0.00300643, 0.115469, 8.83337e-05, -0.01876, 0.00388957, 0.108344, 7.53814e-05, -0.0174894, 0.00388957, 0.108344, 7.53814e-05, -0.0174894, 0.0196063, 0.110753, 0.000619292, 0.0178933, 0.0196063, 0.110753, 0.000619292, 0.0178933)
reports[-1].CovMatrix = ['6.80335e-06','3.57209e-05','-2.55093e-05','-1.173e-09','5.71698e-09','-8.91149e-09','2.00864e-07','-3.68859e-06','-9.07384e-10','0','0','0','3.57209e-05','0.000343015','-0.000208517','8.88402e-08','-7.80289e-08','-1.2409e-08','-5.98591e-07','5.75568e-06','2.97119e-09','0','0','0','-2.55093e-05','-0.000208517','0.000163627','-4.78107e-08','1.18612e-07','-4.85861e-09','-1.21649e-06','1.03142e-05','-1.02713e-09','0','0','0','-1.173e-09','8.88402e-08','-4.78107e-08','7.24639e-09','1.74157e-10','8.22786e-10','2.39708e-08','8.45801e-08','1.52838e-10','0','0','0','5.71698e-09','-7.80289e-08','1.18612e-07','1.74157e-10','2.96536e-09','-2.78624e-10','-8.09968e-09','-4.32527e-08','-4.89969e-11','0','0','0','-8.91149e-09','-1.2409e-08','-4.85861e-09','8.22786e-10','-2.78624e-10','7.25768e-10','1.0256e-08','2.56124e-08','1.03656e-11','0','0','0','2.00864e-07','-5.98591e-07','-1.21649e-06','2.39708e-08','-8.09968e-09','1.0256e-08','1.65807e-06','1.6604e-06','4.08746e-10','0','0','0','-3.68859e-06','5.75568e-06','1.03142e-05','8.45801e-08','-4.32527e-08','2.56124e-08','1.6604e-06','4.03106e-05','2.42542e-09','0','0','0','-9.07384e-10','2.97119e-09','-1.02713e-09','1.52838e-10','-4.89969e-11','1.03656e-11','4.08746e-10','2.42542e-09','1.74141e-09','0','0','0','0','0','0','0','0','0','0','0','0','0','0','0','0','0','0','0','0','0','0','0','0','0','0','0','0','0','0','0','0','0','0','0','0','0','0','0']

reports.append(Report(575176704, ("DT", -2, 1, 2), "MBwhAst1sec02"))
reports[-1].posNum = 75
reports[-1].negNum = 0
reports[-1].fittype = "6DOF"
reports[-1].add_parameters(ValErr(-0.00699183, 0.00315014, 0), \
                           ValErr(0.104843, 0.0326381, 0), \
                           ValErr(-0.0230093, 0.0236068, 0), \
                           ValErr(0.000549224, 0.000201315, 0), \
                           ValErr(-0.000186857, 8.02002e-05, 0), \
                           ValErr(6.98069e-05, 4.89779e-05, 0), \
                           678.843, 75, 75, -nan)
reports[-1].sigmax = ValErr(0.0222088, 0.00183964, 0)
reports[-1].sigmay = ValErr(0.137292, 0.0114972, 0)
reports[-1].sigmadxdz = ValErr(0.000544818, 4.46767e-05, 0)
reports[-1].sigmadydz = ValErr(0, 0, 0)
reports[-1].add_stats(-0.00221816, 0.0764485, -8.30007e-05, -0.0107328, -0.0067321, 0.0666105, -0.00012303, -0.010502, -0.0067321, 0.0666105, -0.00012303, -0.010502, -0.0068126, 0.0514497, -0.000136104, -0.00768626, -0.0068126, 0.0514497, -0.000136104, -0.00768626, 0.0220168, 0.14975, 0.000540975, 0.0233406, 0.0220168, 0.14975, 0.000540975, 0.0233406)
reports[-1].CovMatrix = ['9.92339e-06','4.16834e-05','-3.6209e-05','-2.15935e-08','6.36581e-08','-5.23081e-08','-3.63551e-07','2.41972e-06','-5.1139e-10','0','0','0','4.16834e-05','0.00106524','-0.000669365','6.69859e-07','-1.18971e-07','-5.08309e-10','-1.2904e-06','3.83524e-06','1.80622e-08','0','0','0','-3.6209e-05','-0.000669365','0.000557279','-9.63407e-08','5.52991e-09','7.85666e-08','1.77571e-06','-9.45052e-06','-6.3344e-09','0','0','0','-2.15935e-08','6.69859e-07','-9.63407e-08','4.05278e-08','4.09482e-10','2.37744e-09','3.76745e-08','-3.8064e-07','6.08314e-10','0','0','0','6.36581e-08','-1.18971e-07','5.52991e-09','4.09482e-10','6.43207e-09','-2.47098e-09','-1.35823e-08','1.24359e-07','-1.5654e-10','0','0','0','-5.23081e-08','-5.08309e-10','7.85666e-08','2.37744e-09','-2.47098e-09','2.39883e-09','1.34395e-08','-8.98024e-08','2.85307e-11','0','0','0','-3.63551e-07','-1.2904e-06','1.77571e-06','3.76745e-08','-1.35823e-08','1.34395e-08','3.3843e-06','-7.37145e-07','6.02498e-10','0','0','0','2.41972e-06','3.83524e-06','-9.45052e-06','-3.8064e-07','1.24359e-07','-8.98024e-08','-7.37145e-07','0.000132191','-7.99364e-09','0','0','0','-5.1139e-10','1.80622e-08','-6.3344e-09','6.08314e-10','-1.5654e-10','2.85307e-11','6.02498e-10','-7.99364e-09','1.99603e-09','0','0','0','0','0','0','0','0','0','0','0','0','0','0','0','0','0','0','0','0','0','0','0','0','0','0','0','0','0','0','0','0','0','0','0','0','0','0','0']

reports.append(Report(575438848, ("DT", -2, 1, 3), "MBwhAst1sec03"))
reports[-1].posNum = 66
reports[-1].negNum = 0
reports[-1].fittype = "6DOF"
reports[-1].add_parameters(ValErr(0.00308313, 0.00309168, 0), \
                           ValErr(0.049537, 0.0274931, 0), \
                           ValErr(-0.0163013, 0.0206221, 0), \
                           ValErr(0.000184142, 0.000217768, 0), \
                           ValErr(-3.08997e-05, 8.43549e-05, 0), \
                           ValErr(-1.38977e-05, 5.09896e-05, 0), \
                           617.467, 66, 66, -nan)
reports[-1].sigmax = ValErr(0.0177421, 0.00155947, 0)
reports[-1].sigmay = ValErr(0.112411, 0.00993823, 0)
reports[-1].sigmadxdz = ValErr(0.000614341, 5.37268e-05, 0)
reports[-1].sigmadydz = ValErr(0, 0, 0)
reports[-1].add_stats(0.000561402, 0.0131689, 1.94031e-05, -0.00623029, 0.000699886, 0.025489, -3.14457e-05, -0.00485541, 0.000699886, 0.025489, -3.14457e-05, -0.00485541, 0.00455626, 0.00943113, -2.1632e-06, -0.00312204, 0.00455626, 0.00943113, -2.1632e-06, -0.00312204, 0.0181543, 0.111828, 0.000615749, 0.0179208, 0.0181543, 0.111828, 0.000615749, 0.0179208)
reports[-1].CovMatrix = ['9.55851e-06','3.7922e-05','-3.26026e-05','-2.5923e-08','5.92731e-08','-5.38098e-08','-9.56129e-08','3.94691e-07','1.36966e-09','0','0','0','3.7922e-05','0.000755871','-0.000475729','2.61623e-07','-4.10031e-07','2.55371e-07','1.44163e-06','-8.86919e-06','3.43955e-10','0','0','0','-3.26026e-05','-0.000475729','0.000425271','8.49951e-07','3.79097e-07','-1.40721e-07','-1.89587e-06','1.47443e-05','-1.4591e-08','0','0','0','-2.5923e-08','2.61623e-07','8.49951e-07','4.7423e-08','4.27722e-10','3.83139e-09','-2.81241e-08','2.98585e-07','-6.178e-10','0','0','0','5.92731e-08','-4.10031e-07','3.79097e-07','4.27722e-10','7.11575e-09','-2.18665e-09','-6.87533e-09','8.6924e-08','-2.29963e-10','0','0','0','-5.38098e-08','2.55371e-07','-1.40721e-07','3.83139e-09','-2.18665e-09','2.59994e-09','5.91641e-09','-1.48832e-08','-1.2005e-10','0','0','0','-9.56129e-08','1.44163e-06','-1.89587e-06','-2.81241e-08','-6.87533e-09','5.91641e-09','2.43195e-06','-3.11773e-07','3.78049e-11','0','0','0','3.94691e-07','-8.86919e-06','1.47443e-05','2.98585e-07','8.6924e-08','-1.48832e-08','-3.11773e-07','9.87713e-05','-5.43217e-09','0','0','0','1.36966e-09','3.43955e-10','-1.4591e-08','-6.178e-10','-2.29963e-10','-1.2005e-10','3.78049e-11','-5.43217e-09','2.88661e-09','0','0','0','0','0','0','0','0','0','0','0','0','0','0','0','0','0','0','0','0','0','0','0','0','0','0','0','0','0','0','0','0','0','0','0','0','0','0','0']

reports.append(Report(575700992, ("DT", -2, 1, 4), "MBwhAst1sec04"))
reports[-1].posNum = 93
reports[-1].negNum = 0
reports[-1].fittype = "6DOF"
reports[-1].add_parameters(ValErr(0.00293335, 0.00231054, 0), \
                           ValErr(0.0960662, 0.0214332, 0), \
                           ValErr(-0.00520559, 0.0152821, 0), \
                           ValErr(9.9297e-05, 0.000156143, 0), \
                           ValErr(1.88608e-05, 6.50483e-05, 0), \
                           ValErr(3.6675e-05, 3.95184e-05, 0), \
                           886.605, 93, 93, -nan)
reports[-1].sigmax = ValErr(0.0172571, 0.0012696, 0)
reports[-1].sigmay = ValErr(0.104306, 0.00766078, 0)
reports[-1].sigmadxdz = ValErr(0.000569794, 4.185e-05, 0)
reports[-1].sigmadydz = ValErr(0, 0, 0)
reports[-1].add_stats(0.00202084, 0.10037, 6.21029e-06, -0.0158645, 0.00261278, 0.088798, 6.4901e-05, -0.0134854, 0.00261278, 0.088798, 6.4901e-05, -0.0134854, 0.00362654, 0.102662, 4.95891e-05, -0.0163694, 0.00362654, 0.102662, 4.95891e-05, -0.0163694, 0.0173073, 0.10446, 0.000569079, 0.0166936, 0.0173073, 0.10446, 0.000569079, 0.0166936)
reports[-1].CovMatrix = ['5.33858e-06','2.37632e-05','-1.95165e-05','9.24045e-09','2.19952e-08','-1.38148e-08','-3.07536e-08','1.59493e-07','3.08006e-10','0','0','0','2.37632e-05','0.000459382','-0.000281782','2.0745e-07','-2.28356e-07','1.33261e-07','2.78575e-07','-1.87738e-06','2.27867e-09','0','0','0','-1.95165e-05','-0.000281782','0.000233542','2.79875e-08','1.93944e-07','-9.45347e-08','-3.10917e-07','1.70948e-06','6.42058e-10','0','0','0','9.24045e-09','2.0745e-07','2.79875e-08','2.43807e-08','-2.7355e-10','2.35323e-09','-8.71647e-09','-4.71407e-10','3.07793e-10','0','0','0','2.19952e-08','-2.28356e-07','1.93944e-07','-2.7355e-10','4.23128e-09','-1.32781e-09','-3.60512e-09','2.82602e-08','-3.2611e-11','0','0','0','-1.38148e-08','1.33261e-07','-9.45347e-08','2.35323e-09','-1.32781e-09','1.56171e-09','2.26133e-09','-1.28783e-08','-1.93306e-12','0','0','0','-3.07536e-08','2.78575e-07','-3.10917e-07','-8.71647e-09','-3.60512e-09','2.26133e-09','1.61188e-06','-3.33262e-08','-1.69864e-10','0','0','0','1.59493e-07','-1.87738e-06','1.70948e-06','-4.71407e-10','2.82602e-08','-1.28783e-08','-3.33262e-08','5.86887e-05','-2.09312e-11','0','0','0','3.08006e-10','2.27867e-09','6.42058e-10','3.07793e-10','-3.2611e-11','-1.93306e-12','-1.69864e-10','-2.09312e-11','1.75144e-09','0','0','0','0','0','0','0','0','0','0','0','0','0','0','0','0','0','0','0','0','0','0','0','0','0','0','0','0','0','0','0','0','0','0','0','0','0','0','0']

reports.append(Report(575963136, ("DT", -2, 1, 5), "MBwhAst1sec05"))
reports[-1].posNum = 93
reports[-1].negNum = 0
reports[-1].fittype = "6DOF"
reports[-1].add_parameters(ValErr(0.01184, 0.00356783, 0), \
                           ValErr(0.122263, 0.0302333, 0), \
                           ValErr(-0.0251108, 0.0229165, 0), \
                           ValErr(0.000284865, 0.000194955, 0), \
                           ValErr(0.000111925, 8.63874e-05, 0), \
                           ValErr(7.16811e-05, 5.38736e-05, 0), \
                           821.532, 93, 93, -nan)
reports[-1].sigmax = ValErr(0.0245766, 0.00192954, 0)
reports[-1].sigmay = ValErr(0.118273, 0.00931588, 0)
reports[-1].sigmadxdz = ValErr(0.000710382, 5.38889e-05, 0)
reports[-1].sigmadydz = ValErr(0, 0, 0)
reports[-1].add_stats(0.00281357, 0.0854553, 0.000115436, -0.0141555, 0.00964378, 0.0884884, 0.000226748, -0.0140391, 0.00964378, 0.0884884, 0.000226748, -0.0140391, 0.0105759, 0.0864677, 0.000243302, -0.0137784, 0.0105759, 0.0864677, 0.000243302, -0.0137784, 0.0244783, 0.118934, 0.000711424, 0.0190278, 0.0244783, 0.118934, 0.000711424, 0.0190278)
reports[-1].CovMatrix = ['1.27294e-05','6.102e-05','-5.09599e-05','-9.62336e-09','5.27352e-08','-4.90183e-08','-8.99342e-07','-2.09221e-07','-1.02801e-08','0','0','0','6.102e-05','0.000914054','-0.000629145','5.80441e-07','-1.88914e-07','3.79252e-08','-2.58824e-06','-1.12286e-05','-4.39408e-08','0','0','0','-5.09599e-05','-0.000629145','0.000525168','-2.23581e-07','1.82086e-07','-1.53467e-08','2.48283e-06','9.26178e-06','4.14094e-08','0','0','0','-9.62336e-09','5.80441e-07','-2.23581e-07','3.80074e-08','1.02414e-09','3.17717e-09','5.86117e-08','-4.87555e-08','-1.07433e-10','0','0','0','5.27352e-08','-1.88914e-07','1.82086e-07','1.02414e-09','7.46278e-09','-2.59247e-09','-1.40236e-08','1.82167e-07','-2.14665e-10','0','0','0','-4.90183e-08','3.79252e-08','-1.53467e-08','3.17717e-09','-2.59247e-09','2.90236e-09','2.20983e-08','-9.36181e-08','-1.10448e-10','0','0','0','-8.99342e-07','-2.58824e-06','2.48283e-06','5.86117e-08','-1.40236e-08','2.20983e-08','3.72315e-06','6.1901e-07','5.57923e-09','0','0','0','-2.09221e-07','-1.12286e-05','9.26178e-06','-4.87555e-08','1.82167e-07','-9.36181e-08','6.1901e-07','8.67877e-05','2.7283e-08','0','0','0','-1.02801e-08','-4.39408e-08','4.14094e-08','-1.07433e-10','-2.14665e-10','-1.10448e-10','5.57923e-09','2.7283e-08','2.90405e-09','0','0','0','0','0','0','0','0','0','0','0','0','0','0','0','0','0','0','0','0','0','0','0','0','0','0','0','0','0','0','0','0','0','0','0','0','0','0','0']

reports.append(Report(576225280, ("DT", -2, 1, 6), "MBwhAst1sec06"))
reports[-1].posNum = 78
reports[-1].negNum = 0
reports[-1].fittype = "6DOF"
reports[-1].add_parameters(ValErr(-0.00162937, 0.00302642, 0), \
                           ValErr(0.127707, 0.0264047, 0), \
                           ValErr(-0.0188081, 0.0190385, 0), \
                           ValErr(0.000337646, 0.000179606, 0), \
                           ValErr(-6.13941e-05, 7.01895e-05, 0), \
                           ValErr(9.53217e-05, 5.03334e-05, 0), \
                           745.307, 78, 78, -nan)
reports[-1].sigmax = ValErr(0.0205836, 0.00169313, 0)
reports[-1].sigmay = ValErr(0.111044, 0.00918122, 0)
reports[-1].sigmadxdz = ValErr(0.000439037, 3.61228e-05, 0)
reports[-1].sigmadydz = ValErr(0, 0, 0)
reports[-1].add_stats(-0.00195312, 0.0984222, 4.13464e-05, -0.0137987, -0.00142042, 0.0979987, 3.06788e-05, -0.015135, -0.00142042, 0.0979987, 3.06788e-05, -0.015135, -0.00116772, 0.0923057, 1.7545e-05, -0.0143494, -0.00116772, 0.0923057, 1.7545e-05, -0.0143494, 0.0206799, 0.115239, 0.000438328, 0.0172895, 0.0206799, 0.115239, 0.000438328, 0.0172895)
reports[-1].CovMatrix = ['9.15923e-06','3.08577e-05','-2.69252e-05','-3.14734e-08','7.08476e-08','-6.41348e-08','3.67336e-07','1.26273e-06','-1.65938e-09','0','0','0','3.08577e-05','0.00069721','-0.000435186','4.3027e-07','-2.05875e-07','9.17828e-08','3.70127e-06','-1.37527e-05','-2.2621e-08','0','0','0','-2.69252e-05','-0.000435186','0.000362463','2.11141e-07','1.3757e-07','-9.02573e-09','-3.08081e-06','8.55399e-06','2.96865e-08','0','0','0','-3.14734e-08','4.3027e-07','2.11141e-07','3.22583e-08','3.07491e-10','2.69689e-09','-1.44681e-08','-1.42458e-07','4.44046e-10','0','0','0','7.08476e-08','-2.05875e-07','1.3757e-07','3.07491e-10','4.92657e-09','-2.46055e-09','1.39817e-09','9.29685e-08','2.15053e-11','0','0','0','-6.41348e-08','9.17828e-08','-9.02573e-09','2.69689e-09','-2.46055e-09','2.53345e-09','-5.44851e-09','-5.62653e-08','9.92477e-12','0','0','0','3.67336e-07','3.70127e-06','-3.08081e-06','-1.44681e-08','1.39817e-09','-5.44851e-09','2.8667e-06','-8.74951e-07','-2.84506e-09','0','0','0','1.26273e-06','-1.37527e-05','8.55399e-06','-1.42458e-07','9.29685e-08','-5.62653e-08','-8.74951e-07','8.4297e-05','1.25925e-08','0','0','0','-1.65938e-09','-2.2621e-08','2.96865e-08','4.44046e-10','2.15053e-11','9.92477e-12','-2.84506e-09','1.25925e-08','1.30487e-09','0','0','0','0','0','0','0','0','0','0','0','0','0','0','0','0','0','0','0','0','0','0','0','0','0','0','0','0','0','0','0','0','0','0','0','0','0','0','0']

reports.append(Report(576487424, ("DT", -2, 1, 7), "MBwhAst1sec07"))
reports[-1].posNum = 98
reports[-1].negNum = 0
reports[-1].fittype = "6DOF"
reports[-1].add_parameters(ValErr(-0.00311734, 0.00372049, 0), \
                           ValErr(0.0978108, 0.0303307, 0), \
                           ValErr(0.0153218, 0.0232991, 0), \
                           ValErr(0.000197769, 0.000165075, 0), \
                           ValErr(-4.70232e-05, 7.41108e-05, 0), \
                           ValErr(4.79019e-05, 4.80954e-05, 0), \
                           889.98, 98, 98, -nan)
reports[-1].sigmax = ValErr(0.0241343, 0.0017306, 0)
reports[-1].sigmay = ValErr(0.109773, 0.00796895, 0)
reports[-1].sigmadxdz = ValErr(0.000608344, 4.41784e-05, 0)
reports[-1].sigmadydz = ValErr(0, 0, 0)
reports[-1].add_stats(-0.000770567, 0.125322, -3.56577e-05, -0.0194256, -0.000626754, 0.115399, -8.23121e-06, -0.0180709, -0.000626754, 0.115399, -8.23121e-06, -0.0180709, -0.00305963, 0.108561, -5.23163e-05, -0.0171618, -0.00305963, 0.108561, -5.23163e-05, -0.0171618, 0.0241802, 0.11119, 0.000607952, 0.0181326, 0.0241802, 0.11119, 0.000607952, 0.0181326)
reports[-1].CovMatrix = ['1.3842e-05','7.61933e-05','-6.21253e-05','5.70142e-08','4.05297e-08','-3.16196e-08','-1.52051e-07','3.22159e-07','-5.49579e-10','0','0','0','7.61933e-05','0.00091995','-0.000653487','8.5316e-07','-9.54395e-08','6.28224e-08','-1.15422e-06','-7.52101e-06','2.46545e-08','0','0','0','-6.21253e-05','-0.000653487','0.000542848','-4.64437e-07','1.72807e-07','-7.39005e-08','6.263e-07','3.60114e-06','-3.81231e-09','0','0','0','5.70142e-08','8.5316e-07','-4.64437e-07','2.72496e-08','9.36714e-10','2.5532e-09','-5.20849e-09','-2.54006e-08','1.83974e-10','0','0','0','4.05297e-08','-9.54395e-08','1.72807e-07','9.36714e-10','5.49241e-09','-2.03723e-09','-4.53801e-09','4.43377e-08','-7.07173e-11','0','0','0','-3.16196e-08','6.28224e-08','-7.39005e-08','2.5532e-09','-2.03723e-09','2.31317e-09','3.55431e-09','-2.62203e-08','2.58373e-11','0','0','0','-1.52051e-07','-1.15422e-06','6.263e-07','-5.20849e-09','-4.53801e-09','3.55431e-09','2.995e-06','1.34461e-07','-8.93857e-10','0','0','0','3.22159e-07','-7.52101e-06','3.60114e-06','-2.54006e-08','4.43377e-08','-2.62203e-08','1.34461e-07','6.35054e-05','-1.13224e-08','0','0','0','-5.49579e-10','2.46545e-08','-3.81231e-09','1.83974e-10','-7.07173e-11','2.58373e-11','-8.93857e-10','-1.13224e-08','1.95175e-09','0','0','0','0','0','0','0','0','0','0','0','0','0','0','0','0','0','0','0','0','0','0','0','0','0','0','0','0','0','0','0','0','0','0','0','0','0','0','0']

reports.append(Report(576749568, ("DT", -2, 1, 8), "MBwhAst1sec08"))
reports[-1].posNum = 89
reports[-1].negNum = 0
reports[-1].fittype = "6DOF"
reports[-1].add_parameters(ValErr(-0.00540634, 0.00303261, 0), \
                           ValErr(0.0870076, 0.0250223, 0), \
                           ValErr(0.0115457, 0.0185555, 0), \
                           ValErr(0.000131768, 0.00017388, 0), \
                           ValErr(-2.96986e-05, 7.35623e-05, 0), \
                           ValErr(8.38959e-06, 4.33638e-05, 0), \
                           820.773, 89, 89, -nan)
reports[-1].sigmax = ValErr(0.0188878, 0.00141869, 0)
reports[-1].sigmay = ValErr(0.115257, 0.008666, 0)
reports[-1].sigmadxdz = ValErr(0.000643101, 4.82235e-05, 0)
reports[-1].sigmadydz = ValErr(0, 0, 0)
reports[-1].add_stats(-0.00245052, 0.106515, 3.59305e-05, -0.017428, -0.00401037, 0.0989048, -2.52972e-05, -0.0155635, -0.00401037, 0.0989048, -2.52972e-05, -0.0155635, -0.00424573, 0.079359, -2.994e-06, -0.0119653, -0.00424573, 0.079359, -2.994e-06, -0.0119653, 0.0188574, 0.116216, 0.000643216, 0.0194725, 0.0188574, 0.116216, 0.000643216, 0.0194725)
reports[-1].CovMatrix = ['9.19671e-06','4.51564e-05','-3.7651e-05','-2.29939e-08','2.84563e-08','-3.06598e-08','-5.71886e-08','-4.91738e-07','-5.71224e-10','0','0','0','4.51564e-05','0.000626117','-0.00040109','1.47136e-07','-2.34274e-07','8.16725e-08','-1.73887e-07','-4.59398e-07','4.89285e-09','0','0','0','-3.7651e-05','-0.00040109','0.000344306','3.00249e-07','2.72484e-07','-5.22864e-08','3.37329e-07','1.20788e-06','-4.91214e-09','0','0','0','-2.29939e-08','1.47136e-07','3.00249e-07','3.02342e-08','3.84804e-10','3.24682e-09','1.52461e-08','9.63303e-08','4.13451e-11','0','0','0','2.84563e-08','-2.34274e-07','2.72484e-07','3.84804e-10','5.41141e-09','-1.43633e-09','-9.95461e-10','-2.64133e-08','-1.06935e-10','0','0','0','-3.06598e-08','8.16725e-08','-5.22864e-08','3.24682e-09','-1.43633e-09','1.88042e-09','2.71735e-09','2.19609e-08','3.20551e-11','0','0','0','-5.71886e-08','-1.73887e-07','3.37329e-07','1.52461e-08','-9.95461e-10','2.71735e-09','2.0127e-06','5.86579e-08','4.33169e-11','0','0','0','-4.91738e-07','-4.59398e-07','1.20788e-06','9.63303e-08','-2.64133e-08','2.19609e-08','5.86579e-08','7.51011e-05','6.74777e-10','0','0','0','-5.71224e-10','4.89285e-09','-4.91214e-09','4.13451e-11','-1.06935e-10','3.20551e-11','4.33169e-11','6.74777e-10','2.32554e-09','0','0','0','0','0','0','0','0','0','0','0','0','0','0','0','0','0','0','0','0','0','0','0','0','0','0','0','0','0','0','0','0','0','0','0','0','0','0','0']

reports.append(Report(577011712, ("DT", -2, 1, 9), "MBwhAst1sec09"))
reports[-1].posNum = 72
reports[-1].negNum = 0
reports[-1].fittype = "6DOF"
reports[-1].add_parameters(ValErr(0.00265092, 0.00351796, 0), \
                           ValErr(0.137805, 0.0290431, 0), \
                           ValErr(-0.0104556, 0.0222388, 0), \
                           ValErr(4.03251e-05, 0.000170765, 0), \
                           ValErr(1.18499e-05, 7.70168e-05, 0), \
                           ValErr(1.08043e-05, 4.75905e-05, 0), \
                           676.169, 72, 72, -nan)
reports[-1].sigmax = ValErr(0.0209528, 0.00175156, 0)
reports[-1].sigmay = ValErr(0.097629, 0.0082077, 0)
reports[-1].sigmadxdz = ValErr(0.00057807, 4.78795e-05, 0)
reports[-1].sigmadydz = ValErr(0, 0, 0)
reports[-1].add_stats(-0.00113297, 0.124755, 4.19107e-05, -0.0213388, 0.00151386, 0.124711, 4.72444e-05, -0.0201267, 0.00151386, 0.124711, 4.72444e-05, -0.0201267, 0.000102274, 0.136168, -1.46768e-05, -0.0221889, 0.000102274, 0.136168, -1.46768e-05, -0.0221889, 0.020962, 0.0977662, 0.000576431, 0.0163862, 0.020962, 0.0977662, 0.000576431, 0.0163862)
reports[-1].CovMatrix = ['1.2376e-05','6.20151e-05','-5.08572e-05','5.69858e-08','4.96496e-08','-3.43049e-08','-3.81734e-07','-1.00652e-06','-8.09591e-09','0','0','0','6.20151e-05','0.0008435','-0.000588017','1.01465e-06','-5.89569e-08','1.05573e-07','-3.30974e-06','-2.4975e-05','-6.18525e-08','0','0','0','-5.08572e-05','-0.000588017','0.000494564','-5.0387e-07','1.44265e-07','-8.45118e-08','2.97083e-06','1.60106e-05','4.82163e-08','0','0','0','5.69858e-08','1.01465e-06','-5.0387e-07','2.91608e-08','5.51624e-10','3.23358e-09','1.85773e-08','-3.03896e-07','4.90816e-10','0','0','0','4.96496e-08','-5.89569e-08','1.44265e-07','5.51624e-10','5.93159e-09','-1.75098e-09','-6.90734e-10','9.03086e-08','3.62922e-12','0','0','0','-3.43049e-08','1.05573e-07','-8.45118e-08','3.23358e-09','-1.75098e-09','2.26485e-09','5.28693e-09','-9.13113e-08','-4.07585e-11','0','0','0','-3.81734e-07','-3.30974e-06','2.97083e-06','1.85773e-08','-6.90734e-10','5.28693e-09','3.06797e-06','-6.83237e-07','-1.67967e-09','0','0','0','-1.00652e-06','-2.4975e-05','1.60106e-05','-3.03896e-07','9.03086e-08','-9.13113e-08','-6.83237e-07','6.7368e-05','-2.39569e-08','0','0','0','-8.09591e-09','-6.18525e-08','4.82163e-08','4.90816e-10','3.62922e-12','-4.07585e-11','-1.67967e-09','-2.39569e-08','2.29247e-09','0','0','0','0','0','0','0','0','0','0','0','0','0','0','0','0','0','0','0','0','0','0','0','0','0','0','0','0','0','0','0','0','0','0','0','0','0','0','0']

reports.append(Report(577273856, ("DT", -2, 1, 10), "MBwhAst1sec10"))
reports[-1].posNum = 60
reports[-1].negNum = 0
reports[-1].fittype = "6DOF"
reports[-1].add_parameters(ValErr(0.00329413, 0.00372928, 0), \
                           ValErr(0.151008, 0.0347216, 0), \
                           ValErr(-0.0655464, 0.0261361, 0), \
                           ValErr(-0.00021577, 0.000211107, 0), \
                           ValErr(-5.89833e-05, 9.55208e-05, 0), \
                           ValErr(3.13904e-05, 5.91421e-05, 0), \
                           544.653, 60, 60, -nan)
reports[-1].sigmax = ValErr(0.0216859, 0.00222833, 0)
reports[-1].sigmay = ValErr(0.109475, 0.00989413, 0)
reports[-1].sigmadxdz = ValErr(0.000681505, 6.29811e-05, 0)
reports[-1].sigmadydz = ValErr(0, 0, 0)
reports[-1].add_stats(-0.0020609, 0.0763428, 5.23901e-05, -0.0118925, -0.00249428, 0.0710509, 7.05506e-05, -0.0117966, -0.00249428, 0.0710509, 7.05506e-05, -0.0117966, -0.00474297, 0.0696538, -1.10324e-05, -0.0115291, -0.00474297, 0.0696538, -1.10324e-05, -0.0115291, 0.0229607, 0.111031, 0.000677552, 0.0181657, 0.0229607, 0.111031, 0.000677552, 0.0181657)
reports[-1].CovMatrix = ['1.39075e-05','6.9408e-05','-5.72095e-05','8.67397e-08','1.62726e-08','7.89219e-09','-2.18727e-09','-3.77271e-07','-3.97529e-11','0','0','0','6.9408e-05','0.00120559','-0.000828129','6.59628e-07','-5.65249e-07','4.37211e-07','-9.49361e-06','-1.69374e-05','1.44905e-07','0','0','0','-5.72095e-05','-0.000828129','0.000683098','-5.64711e-07','4.87394e-07','-3.82282e-07','7.83714e-06','1.14931e-05','-1.06666e-07','0','0','0','8.67397e-08','6.59628e-07','-5.64711e-07','4.45663e-08','-1.16018e-09','5.21453e-09','5.33133e-08','-2.59356e-07','-1.87998e-10','0','0','0','1.62726e-08','-5.65249e-07','4.87394e-07','-1.16018e-09','9.12422e-09','-2.68343e-09','-1.10416e-08','1.31626e-07','-5.3622e-10','0','0','0','7.89219e-09','4.37211e-07','-3.82282e-07','5.21453e-09','-2.68343e-09','3.49779e-09','1.02895e-08','-8.87639e-08','-1.86875e-11','0','0','0','-2.18727e-09','-9.49361e-06','7.83714e-06','5.33133e-08','-1.10416e-08','1.02895e-08','4.96548e-06','-9.49769e-07','-7.99664e-09','0','0','0','-3.77271e-07','-1.69374e-05','1.14931e-05','-2.59356e-07','1.31626e-07','-8.87639e-08','-9.49769e-07','9.78968e-05','1.33232e-08','0','0','0','-3.97529e-11','1.44905e-07','-1.06666e-07','-1.87998e-10','-5.3622e-10','-1.86875e-11','-7.99664e-09','1.33232e-08','3.9667e-09','0','0','0','0','0','0','0','0','0','0','0','0','0','0','0','0','0','0','0','0','0','0','0','0','0','0','0','0','0','0','0','0','0','0','0','0','0','0','0']

reports.append(Report(577536000, ("DT", -2, 1, 11), "MBwhAst1sec11"))
reports[-1].posNum = 80
reports[-1].negNum = 0
reports[-1].fittype = "6DOF"
reports[-1].add_parameters(ValErr(0.00105458, 0.00391145, 0), \
                           ValErr(0.122748, 0.0294025, 0), \
                           ValErr(-0.0217985, 0.0219031, 0), \
                           ValErr(-1.68358e-05, 0.000184876, 0), \
                           ValErr(2.43407e-05, 8.13041e-05, 0), \
                           ValErr(-4.23603e-05, 5.40886e-05, 0), \
                           730.362, 80, 80, -nan)
reports[-1].sigmax = ValErr(0.0225169, 0.00178167, 0)
reports[-1].sigmay = ValErr(0.116726, 0.00916932, 0)
reports[-1].sigmadxdz = ValErr(0.000584408, 4.6101e-05, 0)
reports[-1].sigmadydz = ValErr(0, 0, 0)
reports[-1].add_stats(-0.00254726, 0.113078, 4.84427e-05, -0.0173271, -0.00245697, 0.09612, 4.67866e-06, -0.0154246, -0.00245697, 0.09612, 4.67866e-06, -0.0154246, -0.00343529, 0.0901351, -1.11229e-05, -0.0146694, -0.00343529, 0.0901351, -1.11229e-05, -0.0146694, 0.0228891, 0.116179, 0.000582723, 0.0189828, 0.0228891, 0.116179, 0.000582723, 0.0189828)
reports[-1].CovMatrix = ['1.52995e-05','7.21615e-05','-5.9439e-05','-5.45293e-08','8.48808e-08','-8.69809e-08','-5.95675e-07','1.75837e-06','-4.25092e-11','0','0','0','7.21615e-05','0.000864506','-0.000571736','2.29868e-07','1.03595e-07','-2.1558e-07','-2.54365e-06','4.91548e-06','-1.57215e-08','0','0','0','-5.9439e-05','-0.000571736','0.000479745','3.01888e-07','4.82152e-08','1.66544e-07','2.13443e-06','-1.22408e-06','7.84427e-09','0','0','0','-5.45293e-08','2.29868e-07','3.01888e-07','3.41793e-08','1.4348e-09','3.31512e-09','1.60707e-08','-2.75895e-08','-5.13249e-10','0','0','0','8.48808e-08','1.03595e-07','4.82152e-08','1.4348e-09','6.61036e-09','-2.53893e-09','-1.45095e-08','8.8371e-08','-1.54744e-10','0','0','0','-8.69809e-08','-2.1558e-07','1.66544e-07','3.31512e-09','-2.53893e-09','2.92558e-09','1.44603e-08','-5.07803e-08','-1.1691e-10','0','0','0','-5.95675e-07','-2.54365e-06','2.13443e-06','1.60707e-08','-1.45095e-08','1.44603e-08','3.17436e-06','-2.57882e-07','-2.1769e-09','0','0','0','1.75837e-06','4.91548e-06','-1.22408e-06','-2.75895e-08','8.8371e-08','-5.07803e-08','-2.57882e-07','8.40785e-05','9.84938e-09','0','0','0','-4.25092e-11','-1.57215e-08','7.84427e-09','-5.13249e-10','-1.54744e-10','-1.1691e-10','-2.1769e-09','9.84938e-09','2.12533e-09','0','0','0','0','0','0','0','0','0','0','0','0','0','0','0','0','0','0','0','0','0','0','0','0','0','0','0','0','0','0','0','0','0','0','0','0','0','0','0']

reports.append(Report(577798144, ("DT", -2, 1, 12), "MBwhAst1sec12"))
reports[-1].posNum = 59
reports[-1].negNum = 0
reports[-1].fittype = "6DOF"
reports[-1].add_parameters(ValErr(-0.00254828, 0.00379693, 0), \
                           ValErr(0.0856873, 0.029474, 0), \
                           ValErr(0.00198254, 0.0213836, 0), \
                           ValErr(-0.00013642, 0.000210813, 0), \
                           ValErr(-9.59522e-05, 7.65376e-05, 0), \
                           ValErr(3.54435e-05, 5.81719e-05, 0), \
                           565.943, 59, 59, -nan)
reports[-1].sigmax = ValErr(0.0197298, 0.00182422, 0)
reports[-1].sigmay = ValErr(0.12744, 0.0118726, 0)
reports[-1].sigmadxdz = ValErr(0.000384585, 3.56102e-05, 0)
reports[-1].sigmadydz = ValErr(0, 0, 0)
reports[-1].add_stats(-0.000852584, 0.0917792, 3.49397e-05, -0.0129066, -0.000678631, 0.0919156, -2.93775e-05, -0.0132546, -0.000678631, 0.0919156, -2.93775e-05, -0.0132546, 0.00259069, 0.0606366, 5.23292e-06, -0.00819061, 0.00259069, 0.0606366, 5.23292e-06, -0.00819061, 0.0197516, 0.1285, 0.000386447, 0.0196182, 0.0197516, 0.1285, 0.000386447, 0.0196182)
reports[-1].CovMatrix = ['1.44167e-05','5.08343e-05','-4.58272e-05','-1.38006e-07','1.17717e-07','-1.17095e-07','-3.79913e-07','3.56953e-06','-3.23569e-09','0','0','0','5.08343e-05','0.000868717','-0.000508252','-1.99773e-07','3.0207e-08','-1.20759e-07','-1.06366e-06','7.66092e-06','-1.28744e-09','0','0','0','-4.58272e-05','-0.000508252','0.000457257','1.15719e-06','7.38168e-09','1.77427e-07','9.76087e-07','-1.17807e-05','1.68815e-08','0','0','0','-1.38006e-07','-1.99773e-07','1.15719e-06','4.44421e-08','6.88475e-10','3.88909e-09','4.79946e-09','-2.62625e-07','7.22545e-10','0','0','0','1.17717e-07','3.0207e-08','7.38168e-09','6.88475e-10','5.85801e-09','-3.21835e-09','-9.44771e-09','9.31596e-08','-9.28778e-11','0','0','0','-1.17095e-07','-1.20759e-07','1.77427e-07','3.88909e-09','-3.21835e-09','3.38397e-09','9.55904e-09','-8.95651e-08','8.52069e-11','0','0','0','-3.79913e-07','-1.06366e-06','9.76087e-07','4.79946e-09','-9.44771e-09','9.55904e-09','3.32778e-06','-2.30621e-07','1.32825e-10','0','0','0','3.56953e-06','7.66092e-06','-1.17807e-05','-2.62625e-07','9.31596e-08','-8.95651e-08','-2.30621e-07','0.000140964','-5.63607e-09','0','0','0','-3.23569e-09','-1.28744e-09','1.68815e-08','7.22545e-10','-9.28778e-11','8.52069e-11','1.32825e-10','-5.63607e-09','1.2681e-09','0','0','0','0','0','0','0','0','0','0','0','0','0','0','0','0','0','0','0','0','0','0','0','0','0','0','0','0','0','0','0','0','0','0','0','0','0','0','0']

reports.append(Report(579108864, ("DT", -2, 2, 1), "MBwhAst2sec01"))
reports[-1].posNum = 124
reports[-1].negNum = 0
reports[-1].fittype = "6DOF"
reports[-1].add_parameters(ValErr(0.00201216, 0.00115771, 0), \
                           ValErr(-0.0200087, 0.0127304, 0), \
                           ValErr(0.00748552, 0.00892668, 0), \
                           ValErr(-7.06505e-05, 0.000120239, 0), \
                           ValErr(7.32642e-05, 3.98471e-05, 0), \
                           ValErr(-8.419e-07, 2.14244e-05, 0), \
                           1281.12, 124, 124, -nan)
reports[-1].sigmax = ValErr(0.0114975, 0.000731359, 0)
reports[-1].sigmay = ValErr(0.0980363, 0.00622886, 0)
reports[-1].sigmadxdz = ValErr(0.00040962, 2.60423e-05, 0)
reports[-1].sigmadydz = ValErr(0, 0, 0)
reports[-1].add_stats(0.00071432, -0.00930832, 5.94658e-05, 0.00372301, 0.00124439, -0.012128, 8.32832e-05, 0.00192967, 0.00124439, -0.012128, 8.32832e-05, 0.00192967, 0.000234658, -0.0125677, 9.52667e-05, 0.00261548, 0.000234658, -0.0125677, 9.52667e-05, 0.00261548, 0.011499, 0.0979561, 0.000409878, 0.0176435, 0.011499, 0.0979561, 0.000409878, 0.0176435)
reports[-1].CovMatrix = ['1.34028e-06','-3.50992e-06','3.41702e-06','3.51844e-09','1.30894e-08','-6.62298e-09','-2.87071e-09','-7.60405e-08','-1.53439e-10','0','0','0','-3.50992e-06','0.000162062','-8.20555e-05','1.20305e-07','-6.75422e-09','2.02131e-08','4.16149e-09','-1.42181e-08','-1.14112e-10','0','0','0','3.41702e-06','-8.20555e-05','7.96856e-05','-8.91241e-08','4.72659e-09','-2.01936e-08','-1.13129e-08','-8.53408e-08','2.86977e-10','0','0','0','3.51844e-09','1.20305e-07','-8.91241e-08','1.44575e-08','-5.63127e-10','-3.18043e-10','-3.62903e-09','-1.24521e-08','8.0433e-11','0','0','0','1.30894e-08','-6.75422e-09','4.72659e-09','-5.63127e-10','1.58779e-09','-4.01699e-10','3.13365e-10','-6.50228e-09','-3.70086e-11','0','0','0','-6.62298e-09','2.02131e-08','-2.01936e-08','-3.18043e-10','-4.01699e-10','4.59007e-10','5.50463e-10','3.3188e-09','-5.52369e-12','0','0','0','-2.87071e-09','4.16149e-09','-1.13129e-08','-3.62903e-09','3.13365e-10','5.50463e-10','5.34887e-07','4.16294e-09','-4.30675e-11','0','0','0','-7.60405e-08','-1.42181e-08','-8.53408e-08','-1.24521e-08','-6.50228e-09','3.3188e-09','4.16294e-09','3.87992e-05','3.74542e-11','0','0','0','-1.53439e-10','-1.14112e-10','2.86977e-10','8.0433e-11','-3.70086e-11','-5.52369e-12','-4.30675e-11','3.74542e-11','6.78207e-10','0','0','0','0','0','0','0','0','0','0','0','0','0','0','0','0','0','0','0','0','0','0','0','0','0','0','0','0','0','0','0','0','0','0','0','0','0','0','0']

reports.append(Report(579371008, ("DT", -2, 2, 2), "MBwhAst2sec02"))
reports[-1].posNum = 0
reports[-1].negNum = 0
reports[-1].status = "TOOFEWHITS"

reports.append(Report(579633152, ("DT", -2, 2, 3), "MBwhAst2sec03"))
reports[-1].posNum = 0
reports[-1].negNum = 0
reports[-1].status = "TOOFEWHITS"

reports.append(Report(579895296, ("DT", -2, 2, 4), "MBwhAst2sec04"))
reports[-1].posNum = 118
reports[-1].negNum = 0
reports[-1].fittype = "6DOF"
reports[-1].add_parameters(ValErr(-0.00106865, 0.00135201, 0), \
                           ValErr(0.0115616, 0.0139719, 0), \
                           ValErr(0.000954672, 0.00993015, 0), \
                           ValErr(-1.08227e-05, 0.000122158, 0), \
                           ValErr(6.08902e-06, 3.74398e-05, 0), \
                           ValErr(2.56688e-06, 2.29108e-05, 0), \
                           1218.85, 118, 118, -nan)
reports[-1].sigmax = ValErr(0.0126443, 0.00082327, 0)
reports[-1].sigmay = ValErr(0.103955, 0.00676921, 0)
reports[-1].sigmadxdz = ValErr(0.000352067, 2.2936e-05, 0)
reports[-1].sigmadydz = ValErr(0, 0, 0)
reports[-1].add_stats(-0.000132562, 0.0201133, 1.26235e-05, -0.00179348, -0.00113247, 0.0126157, 7.01714e-06, -0.00144151, -0.00113247, 0.0126157, 7.01714e-06, -0.00144151, -0.00106555, -0.00017136, 1.48417e-05, -0.000621016, -0.00106555, -0.00017136, 1.48417e-05, -0.000621016, 0.0126499, 0.103962, 0.000351955, 0.0181119, 0.0126499, 0.103962, 0.000351955, 0.0181119)
reports[-1].CovMatrix = ['1.82792e-06','-5.32876e-06','5.13138e-06','5.11184e-09','1.50962e-08','-9.85406e-09','-1.59799e-09','-4.13095e-08','-2.60709e-11','0','0','0','-5.32876e-06','0.000195213','-0.00010081','1.04728e-07','-1.23855e-08','1.80396e-08','7.99824e-09','-1.3571e-07','-5.99747e-10','0','0','0','5.13138e-06','-0.00010081','9.86079e-05','-1.79889e-08','1.25511e-09','-1.62753e-08','3.61096e-09','-6.61299e-08','-3.9985e-11','0','0','0','5.11184e-09','1.04728e-07','-1.79889e-08','1.49226e-08','-3.00857e-10','-5.63093e-10','1.56283e-09','-2.00176e-08','-1.07273e-10','0','0','0','1.50962e-08','-1.23855e-08','1.25511e-09','-3.00857e-10','1.40174e-09','-4.61465e-10','-4.73626e-10','-2.05889e-09','7.43956e-12','0','0','0','-9.85406e-09','1.80396e-08','-1.62753e-08','-5.63093e-10','-4.61465e-10','5.24906e-10','1.64781e-11','1.88696e-09','5.82207e-12','0','0','0','-1.59799e-09','7.99824e-09','3.61096e-09','1.56283e-09','-4.73626e-10','1.64781e-11','6.77774e-07','-1.38238e-09','-1.3677e-11','0','0','0','-4.13095e-08','-1.3571e-07','-6.61299e-08','-2.00176e-08','-2.05889e-09','1.88696e-09','-1.38238e-09','4.58229e-05','1.37674e-10','0','0','0','-2.60709e-11','-5.99747e-10','-3.9985e-11','-1.07273e-10','7.43956e-12','5.82207e-12','-1.3677e-11','1.37674e-10','5.26061e-10','0','0','0','0','0','0','0','0','0','0','0','0','0','0','0','0','0','0','0','0','0','0','0','0','0','0','0','0','0','0','0','0','0','0','0','0','0','0','0']

reports.append(Report(580157440, ("DT", -2, 2, 5), "MBwhAst2sec05"))
reports[-1].posNum = 136
reports[-1].negNum = 0
reports[-1].fittype = "6DOF"
reports[-1].add_parameters(ValErr(-0.00106729, 0.000699372, 0), \
                           ValErr(0.0083701, 0.0115905, 0), \
                           ValErr(0.000558921, 0.00624961, 0), \
                           ValErr(2.16379e-06, 0.000102905, 0), \
                           ValErr(5.37583e-05, 2.90263e-05, 0), \
                           ValErr(1.03917e-05, 1.3824e-05, 0), \
                           1477.3, 136, 136, -nan)
reports[-1].sigmax = ValErr(0.00728915, 0.00044425, 0)
reports[-1].sigmay = ValErr(0.114329, 0.00695567, 0)
reports[-1].sigmadxdz = ValErr(0.000325755, 1.97562e-05, 0)
reports[-1].sigmadydz = ValErr(0, 0, 0)
