nan = None;  NAN = None
nan = 0
reports = []
class ValErr:
    def __init__(self, value, error, antisym):
        self.value, self.error, self.antisym = value, error, antisym

    def __repr__(self):
        if self.antisym == 0.:
            return "%g +- %g" % (self.value, self.error)
        else:
            return "%g +- %g ~ %g" % (self.value, self.error, self.antisym)

class Report:
    def __init__(self, chamberId, postal_address, name):
        self.chamberId, self.postal_address, self.name = chamberId, postal_address, name
        self.status = "NOFIT"
        self.fittype = None
        self.CovMatrix = None

    def add_parameters(self, deltax, deltay, deltaz, deltaphix, deltaphiy, deltaphiz, loglikelihood, numsegments, sumofweights, redchi2):
        self.status = "PASS"
        self.deltax, self.deltay, self.deltaz, self.deltaphix, self.deltaphiy, self.deltaphiz = deltax, deltay, deltaz, deltaphix, deltaphiy, deltaphiz
        self.loglikelihood, self.numsegments, self.sumofweights, self.redchi2 = loglikelihood, numsegments, sumofweights, redchi2

    def add_stats(self, median_x, median_y, median_dxdz, median_dydz, mean30_x, mean30_y, mean20_dxdz, mean50_dydz, mean15_x, mean15_y, mean10_dxdz, mean25_dydz, wmean30_x, wmean30_y, wmean20_dxdz, wmean50_dydz, wmean15_x, wmean15_y, wmean10_dxdz, wmean25_dydz, stdev30_x, stdev30_y, stdev20_dxdz, stdev50_dydz, stdev15_x, stdev15_y, stdev10_dxdz, stdev25_dydz):
        self.median_x, self.median_y, self.median_dxdz, self.median_dydz, self.mean30_x, self.mean30_y, self.mean20_dxdz, self.mean50_dydz, self.mean15_x, self.mean15_y, self.mean10_dxdz, self.mean25_dydz, self.wmean30_x, self.wmean30_y, self.wmean20_dxdz, self.wmean50_dydz, self.wmean15_x, self.wmean15_y, self.wmean10_dxdz, self.wmean25_dydz, self.stdev30_x, self.stdev30_y, self.stdev20_dxdz, self.stdev50_dydz, self.stdev15_x, self.stdev15_y, self.stdev10_dxdz, self.stdev25_dydz = median_x, median_y, median_dxdz, median_dydz, mean30_x, mean30_y, mean20_dxdz, mean50_dydz, mean15_x, mean15_y, mean10_dxdz, mean25_dydz, wmean30_x, wmean30_y, wmean20_dxdz, wmean50_dydz, wmean15_x, wmean15_y, wmean10_dxdz, wmean25_dydz, stdev30_x, stdev30_y, stdev20_dxdz, stdev50_dydz, stdev15_x, stdev15_y, stdev10_dxdz, stdev25_dydz

    def __repr__(self):
        return "<Report %s %s %s>" % (self.postal_address[0], " ".join(map(str, self.postal_address[1:])), self.status)

reports.append(Report(574914560, ("DT", -2, 1, 1), "MBwhAst1sec01"))
reports[-1].posNum = 8
reports[-1].negNum = 0
reports[-1].fittype = "6DOF"
reports[-1].add_parameters(ValErr(0.0310554, 0.00438117, 0), \
                           ValErr(0.138073, 0.0585651, 0), \
                           ValErr(-0.0665916, 0.0395607, 0), \
                           ValErr(0.000610947, 0.000599884, 0), \
                           ValErr(0.00098371, 0.000215664, 0), \
                           ValErr(-0.000458575, 7.2323e-05, 0), \
                           77.6011, 8, 8, -nan)
reports[-1].sigmax = ValErr(0.0105582, 0.00291665, 0)
reports[-1].sigmay = ValErr(0.133293, 0.0367661, 0)
reports[-1].sigmadxdz = ValErr(0.000616869, 0.000150544, 0)
reports[-1].sigmadydz = ValErr(0, 0, 0)
reports[-1].add_stats(0.00593186, 0.137968, 0.000518548, -0.00869043, 0.019535, 0.0915775, 0.000441212, -0.013771, 0.019535, 0.0915775, 0.000441212, -0.013771, 0.0259548, 0.0636529, 0.000574643, -0.00920085, 0.0259548, 0.0636529, 0.000574643, -0.00920085, 0.0288755, 0.128567, 0.000561482, 0.0170912, 0.0288755, 0.128567, 0.000561482, 0.0170912)
reports[-1].CovMatrix = ['1.91947e-05','4.6058e-05','-6.56754e-05','-6.417e-07','1.94322e-07','-9.08614e-08','-1.99967e-06','2.65739e-05','-2.42116e-08','0','0','0','4.6058e-05','0.00342988','-0.00147014','-1.90161e-07','-9.53074e-07','-7.88108e-08','-1.07724e-05','0.000102147','-9.17405e-07','0','0','0','-6.56754e-05','-0.00147014','0.00156505','5.96231e-06','2.26236e-07','4.22911e-07','1.20845e-05','-0.000123442','2.55974e-07','0','0','0','-6.417e-07','-1.90161e-07','5.96231e-06','3.59861e-07','2.90097e-08','2.33676e-09','5.16813e-07','-6.79049e-06','6.12642e-09','0','0','0','1.94322e-07','-9.53074e-07','2.26236e-07','2.90097e-08','4.65108e-08','-4.82975e-09','-2.55017e-08','2.21125e-07','8.82602e-10','0','0','0','-9.08614e-08','-7.88108e-08','4.22911e-07','2.33676e-09','-4.82975e-09','5.23062e-09','2.89716e-08','-2.69935e-07','-1.95529e-11','0','0','0','-1.99967e-06','-1.07724e-05','1.20845e-05','5.16813e-07','-2.55017e-08','2.89716e-08','8.50706e-06','-1.88381e-05','3.48128e-09','0','0','0','2.65739e-05','0.000102147','-0.000123442','-6.79049e-06','2.21125e-07','-2.69935e-07','-1.88381e-05','0.00135221','1.7073e-07','0','0','0','-2.42116e-08','-9.17405e-07','2.55974e-07','6.12642e-09','8.82602e-10','-1.95529e-11','3.48128e-09','1.7073e-07','2.26664e-08','0','0','0','0','0','0','0','0','0','0','0','0','0','0','0','0','0','0','0','0','0','0','0','0','0','0','0','0','0','0','0','0','0','0','0','0','0','0','0']

reports.append(Report(575176704, ("DT", -2, 1, 2), "MBwhAst1sec02"))
reports[-1].posNum = 4
reports[-1].negNum = 0
reports[-1].status = "TOOFEWHITS"

reports.append(Report(575438848, ("DT", -2, 1, 3), "MBwhAst1sec03"))
reports[-1].posNum = 4
reports[-1].negNum = 0
reports[-1].status = "TOOFEWHITS"

reports.append(Report(575700992, ("DT", -2, 1, 4), "MBwhAst1sec04"))
reports[-1].posNum = 2
reports[-1].negNum = 0
reports[-1].status = "TOOFEWHITS"

reports.append(Report(575963136, ("DT", -2, 1, 5), "MBwhAst1sec05"))
reports[-1].posNum = 7
reports[-1].negNum = 0
reports[-1].fittype = "6DOF"
reports[-1].add_parameters(ValErr(-0.00885706, 0.00548787, 0), \
                           ValErr(0.0393406, 0.0266083, 0), \
                           ValErr(0.00593883, 0.0210175, 0), \
                           ValErr(-0.000637388, 0.000443523, 0), \
                           ValErr(-0.000349391, 0.000172762, 0), \
                           ValErr(-6.18964e-07, 9.59921e-05, 0), \
                           79.2752, 7, 7, -nan)
reports[-1].sigmax = ValErr(0.00884608, 0.00246622, 0)
reports[-1].sigmay = ValErr(0.0450518, 0.0123738, 0)
reports[-1].sigmadxdz = ValErr(0.000429016, 0.000120867, 0)
reports[-1].sigmadydz = ValErr(0, 0, 0)
reports[-1].add_stats(-0.00168848, 0.0760207, -0.00011641, -0.00607065, -0.00706186, 0.0690145, -0.000342229, -0.0117617, -0.00706186, 0.0690145, -0.000342229, -0.0117617, -0.0143639, 0.0850844, -0.000640705, -0.0125135, -0.0143639, 0.0850844, -0.000640705, -0.0125135, 0.010102, 0.0452595, 0.000457216, 0.0128868, 0.010102, 0.0452595, 0.000457216, 0.0128868)
reports[-1].CovMatrix = ['3.01167e-05','-7.36436e-05','3.31614e-05','-1.22455e-07','4.28794e-07','-4.2162e-07','1.28574e-06','4.14903e-06','-3.56754e-09','0','0','0','-7.36436e-05','0.000708001','-0.000174602','4.44044e-06','-1.58764e-06','1.46664e-06','-1.29941e-05','-1.67685e-06','2.64441e-07','0','0','0','3.31614e-05','-0.000174602','0.000441736','5.25266e-06','6.68914e-07','-5.7432e-07','1.1063e-05','5.31404e-05','2.60132e-07','0','0','0','-1.22455e-07','4.44044e-06','5.25266e-06','1.96712e-07','4.78963e-09','5.35273e-09','6.23048e-08','1.26934e-06','9.84994e-09','0','0','0','4.28794e-07','-1.58764e-06','6.68914e-07','4.78963e-09','2.98466e-08','-7.894e-09','5.65354e-08','2.51494e-07','7.07619e-10','0','0','0','-4.2162e-07','1.46664e-06','-5.7432e-07','5.35273e-09','-7.894e-09','9.21448e-09','-3.43557e-08','-6.74239e-08','5.03025e-10','0','0','0','1.28574e-06','-1.29941e-05','1.1063e-05','6.23048e-08','5.65354e-08','-3.43557e-08','6.08237e-06','1.31331e-06','-7.55561e-09','0','0','0','4.14903e-06','-1.67685e-06','5.31404e-05','1.26934e-06','2.51494e-07','-6.74239e-08','1.31331e-06','0.000153129','2.1641e-08','0','0','0','-3.56754e-09','2.64441e-07','2.60132e-07','9.84994e-09','7.07619e-10','5.03025e-10','-7.55561e-09','2.1641e-08','1.46106e-08','0','0','0','0','0','0','0','0','0','0','0','0','0','0','0','0','0','0','0','0','0','0','0','0','0','0','0','0','0','0','0','0','0','0','0','0','0','0','0']

reports.append(Report(576225280, ("DT", -2, 1, 6), "MBwhAst1sec06"))
reports[-1].posNum = 4
reports[-1].negNum = 0
reports[-1].status = "TOOFEWHITS"

reports.append(Report(576487424, ("DT", -2, 1, 7), "MBwhAst1sec07"))
reports[-1].posNum = 12
reports[-1].negNum = 0
reports[-1].fittype = "6DOF"
reports[-1].add_parameters(ValErr(0.0195953, 0.00421643, 0), \
                           ValErr(0.246276, 0.0463719, 0), \
                           ValErr(-0.110691, 0.0295351, 0), \
                           ValErr(0.00139908, 0.000513459, 0), \
                           ValErr(0.000292401, 0.000183212, 0), \
                           ValErr(0.000164644, 9.5011e-05, 0), \
                           121.36, 12, 12, -nan)
reports[-1].sigmax = ValErr(0.00980774, 0.00232537, 0)
reports[-1].sigmay = ValErr(0.108737, 0.0232363, 0)
reports[-1].sigmadxdz = ValErr(0.000538473, 0.000126599, 0)
reports[-1].sigmadydz = ValErr(0, 0, 0)
reports[-1].add_stats(0.00340438, 0.115908, 0.000531104, -0.0157002, 0.00646017, 0.123676, 0.000513718, -0.0187345, 0.00646017, 0.123676, 0.000513718, -0.0187345, 0.0155542, 0.102845, 0.000725898, -0.015577, 0.0155542, 0.102845, 0.000725898, -0.015577, 0.0138737, 0.114616, 0.000614728, 0.0163579, 0.0138737, 0.114616, 0.000614728, 0.0163579)
reports[-1].CovMatrix = ['1.77782e-05','9.28436e-05','-8.64663e-05','7.51888e-07','-5.1867e-08','1.33783e-07','1.93847e-07','-3.46592e-06','-5.61917e-08','0','0','0','9.28436e-05','0.00215035','-0.000978582','2.29678e-06','-1.20538e-06','5.42843e-07','-4.37497e-06','-6.56056e-05','3.10082e-07','0','0','0','-8.64663e-05','-0.000978582','0.000872321','-5.19271e-06','1.40349e-06','-9.55098e-07','3.09412e-06','5.99528e-05','1.41255e-08','0','0','0','7.51888e-07','2.29678e-06','-5.19271e-06','2.63641e-07','9.12336e-09','3.20868e-08','1.94274e-07','1.24395e-06','-2.03034e-08','0','0','0','-5.1867e-08','-1.20538e-06','1.40349e-06','9.12336e-09','3.35668e-08','-4.49499e-09','1.16527e-07','1.01352e-06','-8.55585e-09','0','0','0','1.33783e-07','5.42843e-07','-9.55098e-07','3.20868e-08','-4.49499e-09','9.0271e-09','4.99389e-08','-4.55634e-08','-2.90492e-09','0','0','0','1.93847e-07','-4.37497e-06','3.09412e-06','1.94274e-07','1.16527e-07','4.99389e-08','5.40744e-06','5.92786e-06','-5.9075e-08','0','0','0','-3.46592e-06','-6.56056e-05','5.99528e-05','1.24395e-06','1.01352e-06','-4.55634e-08','5.92786e-06','0.000540015','-2.80831e-07','0','0','0','-5.61917e-08','3.10082e-07','1.41255e-08','-2.03034e-08','-8.55585e-09','-2.90492e-09','-5.9075e-08','-2.80831e-07','1.60289e-08','0','0','0','0','0','0','0','0','0','0','0','0','0','0','0','0','0','0','0','0','0','0','0','0','0','0','0','0','0','0','0','0','0','0','0','0','0','0','0']

reports.append(Report(576749568, ("DT", -2, 1, 8), "MBwhAst1sec08"))
reports[-1].posNum = 3
reports[-1].negNum = 0
reports[-1].status = "TOOFEWHITS"

reports.append(Report(577011712, ("DT", -2, 1, 9), "MBwhAst1sec09"))
reports[-1].posNum = 4
reports[-1].negNum = 0
reports[-1].status = "TOOFEWHITS"

reports.append(Report(577273856, ("DT", -2, 1, 10), "MBwhAst1sec10"))
reports[-1].posNum = 8
reports[-1].negNum = 0
reports[-1].fittype = "6DOF"
reports[-1].add_parameters(ValErr(0.00751514, 0.00209856, 0), \
                           ValErr(0.181028, 0.0533502, 0), \
                           ValErr(-0.0842301, 0.0152992, 0), \
                           ValErr(-0.00053364, 0.000275378, 0), \
                           ValErr(-0.000110173, 9.29468e-05, 0), \
                           ValErr(-1.00554e-05, 3.7866e-05, 0), \
                           94.4917, 8, 8, -nan)
reports[-1].sigmax = ValErr(0.00275734, 0.000696113, 0)
reports[-1].sigmay = ValErr(0.144581, 0.0376654, 0)
reports[-1].sigmadxdz = ValErr(0.000263894, 6.72731e-05, 0)
reports[-1].sigmadydz = ValErr(0, 0, 0)
reports[-1].add_stats(0.00252848, 0.171459, 1.83673e-05, -0.00738998, -0.00249984, 0.0965784, -2.38739e-05, -0.0147526, -0.00249984, 0.0965784, -2.38739e-05, -0.0147526, -0.00544315, 0.213497, 6.59802e-06, -0.0322038, -0.00544315, 0.213497, 6.59802e-06, -0.0322038, 0.00669427, 0.122961, 0.000287061, 0.0188056, 0.00669427, 0.122961, 0.000287061, 0.0188056)
reports[-1].CovMatrix = ['4.40395e-06','2.72042e-05','-2.58425e-05','-9.57341e-08','-4.84854e-08','-1.15652e-08','-7.63028e-08','-5.32983e-06','-2.52852e-09','0','0','0','2.72042e-05','0.00284624','-0.000219406','-2.98118e-07','-5.8957e-07','3.88084e-08','-6.56254e-07','-2.86718e-05','1.37269e-08','0','0','0','-2.58425e-05','-0.000219406','0.000234066','1.58472e-06','8.06722e-07','9.55796e-08','1.05983e-06','7.43764e-05','3.79613e-08','0','0','0','-9.57341e-08','-2.98118e-07','1.58472e-06','7.58329e-08','4.61408e-09','8.65917e-09','2.07243e-08','2.89046e-06','3.42413e-09','0','0','0','-4.84854e-08','-5.8957e-07','8.06722e-07','4.61408e-09','8.63912e-09','-6.83621e-12','6.24958e-09','2.2097e-07','-1.68711e-10','0','0','0','-1.15652e-08','3.88084e-08','9.55796e-08','8.65917e-09','-6.83621e-12','1.43383e-09','1.84793e-09','3.23956e-07','4.31009e-10','0','0','0','-7.63028e-08','-6.56254e-07','1.05983e-06','2.07243e-08','6.24958e-09','1.84793e-09','4.84576e-07','8.31597e-07','7.02983e-10','0','0','0','-5.32983e-06','-2.86718e-05','7.43764e-05','2.89046e-06','2.2097e-07','3.23956e-07','8.31597e-07','0.00141915','1.28356e-07','0','0','0','-2.52852e-09','1.37269e-08','3.79613e-08','3.42413e-09','-1.68711e-10','4.31009e-10','7.02983e-10','1.28356e-07','4.52594e-09','0','0','0','0','0','0','0','0','0','0','0','0','0','0','0','0','0','0','0','0','0','0','0','0','0','0','0','0','0','0','0','0','0','0','0','0','0','0','0']

reports.append(Report(577536000, ("DT", -2, 1, 11), "MBwhAst1sec11"))
reports[-1].posNum = 8
reports[-1].negNum = 0
reports[-1].fittype = "6DOF"
reports[-1].add_parameters(ValErr(0.00147787, 0.00432124, 0), \
                           ValErr(0.113124, 0.0574218, 0), \
                           ValErr(-0.00910275, 0.0224179, 0), \
                           ValErr(0.000603051, 0.000389625, 0), \
                           ValErr(-8.6326e-05, 0.00015151, 0), \
                           ValErr(0.000132495, 7.22295e-05, 0), \
                           82.0553, 8, 8, -nan)
reports[-1].sigmax = ValErr(0.00864358, 0.00223692, 0)
reports[-1].sigmay = ValErr(0.142761, 0.0364447, 0)
reports[-1].sigmadxdz = ValErr(0.00040323, 0.000101828, 0)
reports[-1].sigmadydz = ValErr(0, 0, 0)
reports[-1].add_stats(0.00174999, 0.198959, 9.22226e-05, -0.0245762, 0.00264727, 0.104168, 1.46952e-05, -0.0163596, 0.00264727, 0.104168, 1.46952e-05, -0.0163596, 0.00792486, 0.0276934, 0.000218643, -0.0041513, 0.00792486, 0.0276934, 0.000218643, -0.0041513, 0.00925838, 0.159527, 0.000434597, 0.0253844, 0.00925838, 0.159527, 0.000434597, 0.0253844)
reports[-1].CovMatrix = ['1.86731e-05','7.43169e-05','-5.78021e-05','-2.60029e-07','1.56147e-07','-1.06678e-07','-8.05106e-07','-1.1265e-05','6.74489e-09','0','0','0','7.43169e-05','0.00329727','-0.000610782','-1.00294e-07','-2.31541e-07','-3.25179e-07','-2.1711e-06','-1.48103e-05','7.07105e-08','0','0','0','-5.78021e-05','-0.000610782','0.000502561','9.32855e-08','5.15748e-07','1.79725e-07','1.2457e-06','-3.46451e-06','-6.89003e-08','0','0','0','-2.60029e-07','-1.00294e-07','9.32855e-08','1.51808e-07','3.03119e-09','1.60573e-08','1.85154e-07','1.72743e-06','-3.67087e-09','0','0','0','1.56147e-07','-2.31541e-07','5.15748e-07','3.03119e-09','2.29552e-08','-3.86806e-09','-2.42875e-08','-8.21347e-07','-1.14544e-09','0','0','0','-1.06678e-07','-3.25179e-07','1.79725e-07','1.60573e-08','-3.86806e-09','5.21711e-09','3.89532e-08','4.16279e-07','-6.36249e-10','0','0','0','-8.05106e-07','-2.1711e-06','1.2457e-06','1.85154e-07','-2.42875e-08','3.89532e-08','5.00389e-06','3.5577e-06','-5.46594e-09','0','0','0','-1.1265e-05','-1.48103e-05','-3.46451e-06','1.72743e-06','-8.21347e-07','4.16279e-07','3.5577e-06','0.00132863','-1.41144e-08','0','0','0','6.74489e-09','7.07105e-08','-6.89003e-08','-3.67087e-09','-1.14544e-09','-6.36249e-10','-5.46594e-09','-1.41144e-08','1.03699e-08','0','0','0','0','0','0','0','0','0','0','0','0','0','0','0','0','0','0','0','0','0','0','0','0','0','0','0','0','0','0','0','0','0','0','0','0','0','0','0']

reports.append(Report(577798144, ("DT", -2, 1, 12), "MBwhAst1sec12"))
reports[-1].posNum = 5
reports[-1].negNum = 0
reports[-1].fittype = "6DOF"
reports[-1].add_parameters(ValErr(-0.0120772, 0.011663, 0), \
                           ValErr(0.0889209, 0.0493014, 0), \
                           ValErr(0.00869999, 0.0586519, 0), \
                           ValErr(-0.000484359, 0.000677389, 0), \
                           ValErr(7.90571e-05, 0.000147065, 0), \
                           ValErr(6.59251e-05, 0.000138491, 0), \
                           59.2984, 5, 5, -1)
reports[-1].sigmax = ValErr(0.01245, 0.0043491, 0)
reports[-1].sigmay = ValErr(0.0360413, 0.0159815, 0)
reports[-1].sigmadxdz = ValErr(0.00022322, 8.04333e-05, 0)
reports[-1].sigmadydz = ValErr(0, 0, 0)
reports[-1].add_stats(-0.000527382, 0.135049, 0.000282151, -0.0220524, -0.00563951, 0.124077, 0.000232396, -0.0204801, -0.00563951, 0.124077, 0.000232396, -0.0204801, -0.0209225, 0.113033, 0.000143115, -0.0187021, -0.0209225, 0.113033, 0.000143115, -0.0187021, 0.0128666, 0.0436653, 0.00020733, 0.00736604, 0.0128666, 0.0436653, 0.00020733, 0.00736604)
reports[-1].CovMatrix = ['0.000136027','0.000350143','-0.000408971','-2.92695e-06','6.25669e-07','-1.18313e-06','1.58721e-05','-7.40614e-05','1.72913e-07','0','0','0','0.000350143','0.00243063','-0.00229314','-8.27321e-06','-6.27939e-08','-1.56421e-06','4.12477e-05','-0.000195974','4.70727e-07','0','0','0','-0.000408971','-0.00229314','0.00344005','2.92268e-05','2.34922e-06','2.57144e-06','-7.97458e-05','0.000502689','-1.653e-06','0','0','0','-2.92695e-06','-8.27321e-06','2.92268e-05','4.58856e-07','3.13675e-08','3.93501e-08','-1.02664e-06','7.26754e-06','-2.60854e-08','0','0','0','6.25669e-07','-6.27939e-08','2.34922e-06','3.13675e-08','2.16282e-08','-1.06878e-08','5.47375e-08','9.7526e-08','-1.52241e-09','0','0','0','-1.18313e-06','-1.56421e-06','2.57144e-06','3.93501e-08','-1.06878e-08','1.91798e-08','-2.07569e-07','9.82364e-07','-2.33389e-09','0','0','0','1.58721e-05','4.12477e-05','-7.97458e-05','-1.02664e-06','5.47375e-08','-2.07569e-07','1.89156e-05','-1.96693e-05','5.9616e-08','0','0','0','-7.40614e-05','-0.000195974','0.000502689','7.26754e-06','9.7526e-08','9.82364e-07','-1.96693e-05','0.000255468','-4.17441e-07','0','0','0','1.72913e-07','4.70727e-07','-1.653e-06','-2.60854e-08','-1.52241e-09','-2.33389e-09','5.9616e-08','-4.17441e-07','6.47014e-09','0','0','0','0','0','0','0','0','0','0','0','0','0','0','0','0','0','0','0','0','0','0','0','0','0','0','0','0','0','0','0','0','0','0','0','0','0','0','0']

reports.append(Report(579108864, ("DT", -2, 2, 1), "MBwhAst2sec01"))
reports[-1].posNum = 13
reports[-1].negNum = 0
reports[-1].fittype = "6DOF"
reports[-1].add_parameters(ValErr(0.00170923, 0.000584866, 0), \
                           ValErr(0.00384542, 0.0413448, 0), \
                           ValErr(-0.000643129, 0.00278684, 0), \
                           ValErr(0.000108636, 7.40241e-05, 0), \
                           ValErr(0.000141033, 5.90979e-05, 0), \
                           ValErr(1.44526e-05, 1.14334e-05, 0), \
                           163.801, 13, 13, -nan)
reports[-1].sigmax = ValErr(0.0012029, 0.000238997, 0)
reports[-1].sigmay = ValErr(0.131735, 0.0267184, 0)
reports[-1].sigmadxdz = ValErr(0.000301445, 7.56905e-05, 0)
reports[-1].sigmadydz = ValErr(0, 0, 0)
reports[-1].add_stats(0.000217437, 0.0202616, 0.000186417, 0.00283579, 0.000507214, 0.00208293, 0.000218557, 0.00373125, 0.000507214, 0.00208293, 0.000218557, 0.00373125, 0.000359078, 0.0316114, 0.0003152, -0.00356512, 0.000359078, 0.0316114, 0.0003152, -0.00356512, 0.00148215, 0.129155, 0.000295078, 0.0213757, 0.00148215, 0.129155, 0.000295078, 0.0213757)
reports[-1].CovMatrix = ['3.42068e-07','6.649e-07','-1.86013e-07','1.23631e-09','2.66359e-08','-1.28444e-09','-1.33755e-08','-2.39993e-07','-1.87271e-09','0','0','0','6.649e-07','0.00170939','-5.39823e-06','2.33092e-07','1.7439e-07','-4.71068e-08','9.01238e-07','-9.53615e-05','2.79237e-07','0','0','0','-1.86013e-07','-5.39823e-06','7.76646e-06','-5.4744e-08','-4.03207e-08','6.46712e-09','8.09403e-09','-3.29427e-06','-1.74658e-08','0','0','0','1.23631e-09','2.33092e-07','-5.4744e-08','5.47956e-09','1.0464e-09','-2.4641e-12','9.5524e-10','-8.30044e-08','-1.60456e-10','0','0','0','2.66359e-08','1.7439e-07','-4.03207e-08','1.0464e-09','3.49256e-09','-2.95043e-10','-1.58684e-09','-7.61472e-08','-8.40365e-10','0','0','0','-1.28444e-09','-4.71068e-08','6.46712e-09','-2.4641e-12','-2.95043e-10','1.30723e-10','1.24009e-10','1.67681e-08','1.70879e-10','0','0','0','-1.33755e-08','9.01238e-07','8.09403e-09','9.5524e-10','-1.58684e-09','1.24009e-10','5.71195e-08','-2.32541e-07','1.41082e-09','0','0','0','-2.39993e-07','-9.53615e-05','-3.29427e-06','-8.30044e-08','-7.61472e-08','1.67681e-08','-2.32541e-07','0.000714004','3.40629e-08','0','0','0','-1.87271e-09','2.79237e-07','-1.74658e-08','-1.60456e-10','-8.40365e-10','1.70879e-10','1.41082e-09','3.40629e-08','5.72942e-09','0','0','0','0','0','0','0','0','0','0','0','0','0','0','0','0','0','0','0','0','0','0','0','0','0','0','0','0','0','0','0','0','0','0','0','0','0','0','0']

reports.append(Report(579371008, ("DT", -2, 2, 2), "MBwhAst2sec02"))
reports[-1].posNum = 6
reports[-1].negNum = 0
reports[-1].fittype = "6DOF"
reports[-1].add_parameters(ValErr(2.46494e-05, 0.000292535, 0), \
                           ValErr(-0.0470821, 0.0181384, 0), \
                           ValErr(-0.0132479, 0.012744, 0), \
                           ValErr(-0.000139928, 0.000285937, 0), \
                           ValErr(-7.67479e-05, 6.57084e-05, 0), \
                           ValErr(-3.05403e-06, 7.1231e-06, 0), \
                           90.6679, 6, 6, -1)
reports[-1].sigmax = ValErr(0.000601518, 0.000184696, 0)
reports[-1].sigmay = ValErr(0.039776, 0.0118465, 0)
reports[-1].sigmadxdz = ValErr(0.000162051, 4.76368e-05, 0)
reports[-1].sigmadydz = ValErr(0, 0, 0)
reports[-1].add_stats(0.000187875, -0.0504797, 4.1924e-05, 0.0145733, -6.47504e-05, -0.0561549, -6.08709e-05, 0.010158, -6.47504e-05, -0.0561549, -6.08709e-05, 0.010158, -0.000370352, -0.0334576, -0.000116026, 0.00483767, -0.000370352, -0.0334576, -0.000116026, 0.00483767, 0.000640949, 0.0425499, 0.000164772, 0.00778724, 0.000640949, 0.0425499, 0.000164772, 0.00778724)
reports[-1].CovMatrix = ['8.55767e-08','6.51698e-07','-8.1713e-07','-1.53808e-08','2.16223e-09','-7.30232e-10','-3.22092e-09','8.04952e-08','-5.3901e-10','0','0','0','6.51698e-07','0.000329002','-9.87767e-05','-1.79674e-06','-1.73519e-07','9.11357e-09','-3.7869e-07','1.74675e-05','-3.21009e-08','0','0','0','-8.1713e-07','-9.87767e-05','0.000162411','3.29279e-06','3.91317e-07','-2.21037e-08','6.85697e-07','-3.38529e-05','5.17887e-08','0','0','0','-1.53808e-08','-1.79674e-06','3.29279e-06','8.17601e-08','6.2816e-09','-6.78863e-10','1.76683e-08','-7.82425e-07','1.6769e-09','0','0','0','2.16223e-09','-1.73519e-07','3.91317e-07','6.2816e-09','4.31759e-09','-2.70205e-11','7.10513e-10','-1.22724e-07','-2.88547e-10','0','0','0','-7.30232e-10','9.11357e-09','-2.21037e-08','-6.78863e-10','-2.70205e-11','5.07385e-11','-1.89675e-10','6.77752e-09','-2.38293e-11','0','0','0','-3.22092e-09','-3.7869e-07','6.85697e-07','1.76683e-08','7.10513e-10','-1.89675e-10','3.41127e-08','-1.59123e-07','4.38967e-10','0','0','0','8.04952e-08','1.74675e-05','-3.38529e-05','-7.82425e-07','-1.22724e-07','6.77752e-09','-1.59123e-07','0.000140356','-9.34356e-09','0','0','0','-5.3901e-10','-3.21009e-08','5.17887e-08','1.6769e-09','-2.88547e-10','-2.38293e-11','4.38967e-10','-9.34356e-09','2.26937e-09','0','0','0','0','0','0','0','0','0','0','0','0','0','0','0','0','0','0','0','0','0','0','0','0','0','0','0','0','0','0','0','0','0','0','0','0','0','0','0']

reports.append(Report(579633152, ("DT", -2, 2, 3), "MBwhAst2sec03"))
reports[-1].posNum = 13
reports[-1].negNum = 0
reports[-1].fittype = "6DOF"
reports[-1].add_parameters(ValErr(0.00205792, 0.000809238, 0), \
                           ValErr(-0.0284289, 0.0241849, 0), \
                           ValErr(-0.00126093, 0.00251482, 0), \
                           ValErr(8.98064e-06, 6.73653e-05, 0), \
                           ValErr(9.73333e-05, 5.40323e-05, 0), \
                           ValErr(-1.96844e-05, 1.10736e-05, 0), \
                           164.247, 13, 13, -nan)
reports[-1].sigmax = ValErr(0.00132101, 0.00025996, 0)
reports[-1].sigmay = ValErr(0.0867157, 0.0170188, 0)
reports[-1].sigmadxdz = ValErr(0.00040294, 7.9174e-05, 0)
reports[-1].sigmadydz = ValErr(0, 0, 0)
reports[-1].add_stats(0.000683785, -0.0353418, 0.000175463, 0.011315, 0.000644119, -0.0313188, 0.000121395, 0.00658097, 0.000644119, -0.0313188, 0.000121395, 0.00658097, 0.000778136, -0.0149781, 0.00021117, 0.00377773, 0.000778136, -0.0149781, 0.00021117, 0.00377773, 0.00152169, 0.0878188, 0.000400321, 0.0149574, 0.00152169, 0.0878188, 0.000400321, 0.0149574)
reports[-1].CovMatrix = ['6.54865e-07','3.37749e-07','-1.56179e-07','-2.00847e-08','3.73614e-08','-5.6643e-09','-1.09669e-08','5.23338e-09','-3.02151e-09','0','0','0','3.37749e-07','0.00058491','-5.75763e-06','1.19357e-08','3.43571e-08','-4.29032e-09','-1.29824e-08','-5.16911e-07','-3.09402e-09','0','0','0','-1.56179e-07','-5.75763e-06','6.32433e-06','4.85606e-08','-1.88028e-08','2.74685e-09','-5.29665e-09','5.45477e-07','1.2765e-09','0','0','0','-2.00847e-08','1.19357e-08','4.85606e-08','4.53808e-09','-1.38759e-09','2.0494e-10','-3.45453e-10','4.11005e-08','8.75535e-11','0','0','0','3.73614e-08','3.43571e-08','-1.88028e-08','-1.38759e-09','2.91949e-09','-2.91253e-10','-9.25796e-10','1.26069e-09','-2.55842e-10','0','0','0','-5.6643e-09','-4.29032e-09','2.74685e-09','2.0494e-10','-2.91253e-10','1.22624e-10','4.78207e-11','2.2627e-11','1.36303e-11','0','0','0','-1.09669e-08','-1.29824e-08','-5.29665e-09','-3.45453e-10','-9.25796e-10','4.78207e-11','6.75793e-08','-8.72451e-09','9.18257e-11','0','0','0','5.23338e-09','-5.16911e-07','5.45477e-07','4.11005e-08','1.26069e-09','2.2627e-11','-8.72451e-09','0.000289671','-4.0716e-10','0','0','0','-3.02151e-09','-3.09402e-09','1.2765e-09','8.75535e-11','-2.55842e-10','1.36303e-11','9.18257e-11','-4.0716e-10','6.26884e-09','0','0','0','0','0','0','0','0','0','0','0','0','0','0','0','0','0','0','0','0','0','0','0','0','0','0','0','0','0','0','0','0','0','0','0','0','0','0','0']

reports.append(Report(579895296, ("DT", -2, 2, 4), "MBwhAst2sec04"))
reports[-1].posNum = 5
reports[-1].negNum = 0
reports[-1].fittype = "6DOF"
reports[-1].add_parameters(ValErr(-0.016567, 0.0184524, 0), \
                           ValErr(0.0493286, 0.155146, 0), \
                           ValErr(-0.167045, 0.152473, 0), \
                           ValErr(0.00052313, 0.000698771, 0), \
                           ValErr(-0.000181781, 0.000379675, 0), \
                           ValErr(-3.53559e-05, 0.000289375, 0), \
                           42.8237, 5, 5, -nan)
reports[-1].sigmax = ValErr(0.0374601, 0.0128475, 0)
reports[-1].sigmay = ValErr(0.0746974, 0.0255567, 0)
reports[-1].sigmadxdz = ValErr(0.000965677, 0.000312913, 0)
reports[-1].sigmadydz = ValErr(0, 0, 0)
reports[-1].add_stats(-0.000758172, -0.149166, -5.26946e-05, 0.022151, -0.0207479, -0.122425, -5.92728e-05, 0.0192367, -0.0207479, -0.122425, -5.92728e-05, 0.0192367, 0.00393314, -0.166354, 0.000794935, 0.0355452, 0.00393314, -0.166354, 0.000794935, 0.0355452, 0.0431987, 0.0785367, 0.000951952, 0.0152759, 0.0431987, 0.0785367, 0.000951952, 0.0152759)
reports[-1].CovMatrix = ['0.000340491','0.00011737','2.50394e-05','-4.10225e-08','1.47044e-06','-2.14749e-06','-4.26535e-05','7.58862e-05','2.25904e-07','0','0','0','0.00011737','0.0240701','-0.0228839','3.89064e-05','1.64386e-06','1.17741e-05','0.000268907','-0.000398973','-1.63121e-06','0','0','0','2.50394e-05','-0.0228839','0.023248','-3.13322e-05','2.92831e-06','-1.41715e-05','-0.000337873','0.000554819','1.11846e-06','0','0','0','-4.10225e-08','3.89064e-05','-3.13322e-05','4.88281e-07','-4.61102e-08','6.46909e-08','7.32703e-07','-1.14307e-06','-3.32758e-09','0','0','0','1.47044e-06','1.64386e-06','2.92831e-06','-4.61102e-08','1.44153e-07','-2.73909e-08','-8.26191e-07','3.37972e-06','-1.95152e-08','0','0','0','-2.14749e-06','1.17741e-05','-1.41715e-05','6.46909e-08','-2.73909e-08','8.3738e-08','1.50017e-06','-2.39099e-06','-1.04801e-08','0','0','0','-4.26535e-05','0.000268907','-0.000337873','7.32703e-07','-8.26191e-07','1.50017e-06','0.000165083','-5.32994e-05','-1.52327e-07','0','0','0','7.58862e-05','-0.000398973','0.000554819','-1.14307e-06','3.37972e-06','-2.39099e-06','-5.32994e-05','0.000653338','-8.33029e-08','0','0','0','2.25904e-07','-1.63121e-06','1.11846e-06','-3.32758e-09','-1.95152e-08','-1.04801e-08','-1.52327e-07','-8.33029e-08','9.7948e-08','0','0','0','0','0','0','0','0','0','0','0','0','0','0','0','0','0','0','0','0','0','0','0','0','0','0','0','0','0','0','0','0','0','0','0','0','0','0','0']

reports.append(Report(580157440, ("DT", -2, 2, 5), "MBwhAst2sec05"))
reports[-1].posNum = 10
reports[-1].negNum = 0
reports[-1].fittype = "6DOF"
reports[-1].add_parameters(ValErr(-0.000681216, 0.000647233, 0), \
                           ValErr(0.0249317, 0.0439533, 0), \
                           ValErr(-0.00614974, 0.00360814, 0), \
                           ValErr(-0.000538573, 0.000171683, 0), \
                           ValErr(3.36861e-05, 7.78973e-05, 0), \
                           ValErr(0.000112683, 2.92941e-05, 0), \
                           128.329, 10, 10, -nan)
reports[-1].sigmax = ValErr(0.000899895, 0.000213412, 0)
reports[-1].sigmay = ValErr(0.135085, 0.0319282, 0)
reports[-1].sigmadxdz = ValErr(0.000311184, 7.19729e-05, 0)
reports[-1].sigmadydz = ValErr(0, 0, 0)
reports[-1].add_stats(0.000572203, 0.0622435, 8.98896e-05, 3.75581e-05, 9.25575e-07, 0.00980149, 1.0641e-05, 0.00170827, 9.25575e-07, 0.00980149, 1.0641e-05, 0.00170827, 0.000474652, -0.00731643, -5.58281e-05, 0.00603585, 0.000474652, -0.00731643, -5.58281e-05, 0.00603585, 0.00176008, 0.135015, 0.00031308, 0.0229577, 0.00176008, 0.135015, 0.00031308, 0.0229577)
reports[-1].CovMatrix = ['4.1891e-07','-3.68573e-07','-3.27507e-07','-4.30204e-08','3.53048e-08','6.02992e-09','-3.14022e-08','6.22273e-07','6.57027e-09','0','0','0','-3.68573e-07','0.00193189','-1.5597e-05','-5.50631e-07','1.81896e-07','8.62336e-08','-2.0294e-07','-6.32002e-05','-5.17558e-08','0','0','0','-3.27507e-07','-1.5597e-05','1.30186e-05','3.80245e-07','-1.92193e-07','-6.73718e-08','1.40912e-07','-5.61615e-06','-4.18095e-08','0','0','0','-4.30204e-08','-5.50631e-07','3.80245e-07','2.94751e-08','-1.0417e-08','-4.82065e-09','9.4624e-09','-1.80609e-07','-2.2104e-09','0','0','0','3.53048e-08','1.81896e-07','-1.92193e-07','-1.0417e-08','6.06799e-09','1.63392e-09','-4.83961e-09','1.63346e-07','1.24912e-09','0','0','0','6.02992e-09','8.62336e-08','-6.73718e-08','-4.82065e-09','1.63392e-09','8.58143e-10','-1.41053e-09','2.32039e-08','3.95775e-10','0','0','0','-3.14022e-08','-2.0294e-07','1.40912e-07','9.4624e-09','-4.83961e-09','-1.41053e-09','4.55449e-08','-9.41328e-08','-7.48343e-10','0','0','0','6.22273e-07','-6.32002e-05','-5.61615e-06','-1.80609e-07','1.63346e-07','2.32039e-08','-9.41328e-08','0.00101967','-2.87681e-08','0','0','0','6.57027e-09','-5.17558e-08','-4.18095e-08','-2.2104e-09','1.24912e-09','3.95775e-10','-7.48343e-10','-2.87681e-08','5.18039e-09','0','0','0','0','0','0','0','0','0','0','0','0','0','0','0','0','0','0','0','0','0','0','0','0','0','0','0','0','0','0','0','0','0','0','0','0','0','0','0']

reports.append(Report(580419584, ("DT", -2, 2, 6), "MBwhAst2sec06"))
reports[-1].posNum = 9
reports[-1].negNum = 0
reports[-1].fittype = "6DOF"
reports[-1].add_parameters(ValErr(-0.00121985, 0.0014239, 0), \
                           ValErr(-0.0966823, 0.0297986, 0), \
                           ValErr(0.00648196, 0.017322, 0), \
                           ValErr(-0.000418766, 0.000359822, 0), \
                           ValErr(-5.78258e-05, 0.000194322, 0), \
                           ValErr(1.49291e-05, 3.11914e-05, 0), \
                           100.721, 9, 9, -nan)
reports[-1].sigmax = ValErr(0.00368943, 0.000910081, 0)
reports[-1].sigmay = ValErr(0.0713099, 0.0177916, 0)
reports[-1].sigmadxdz = ValErr(0.000742863, 0.000175695, 0)
reports[-1].sigmadydz = ValErr(0, 0, 0)
reports[-1].add_stats(-0.000168321, -0.0970413, -0.000318372, 0.0115684, -0.0012276, -0.0883485, 4.02472e-06, 0.00851366, -0.0012276, -0.0883485, 4.02472e-06, 0.00851366, 0.000354055, -0.0946626, 0.000102187, 0.0178628, 0.000354055, -0.0946626, 0.000102187, 0.0178628, 0.00394664, 0.0797674, 0.000739959, 0.023652, 0.00394664, 0.0797674, 0.000739959, 0.023652)
reports[-1].CovMatrix = ['2.02749e-06','-2.84876e-06','4.64643e-06','-5.35022e-10','1.25692e-07','7.29799e-10','4.2642e-08','-1.78651e-06','-9.20325e-09','0','0','0','-2.84876e-06','0.000887958','-0.000306953','-3.06639e-06','5.18432e-07','-8.62749e-08','-2.32014e-06','4.29042e-05','-1.99861e-08','0','0','0','4.64643e-06','-0.000306953','0.000300053','3.05276e-06','5.09345e-08','8.81838e-08','2.48153e-06','-5.08222e-05','-2.15858e-08','0','0','0','-5.35022e-10','-3.06639e-06','3.05276e-06','1.29472e-07','-2.35951e-09','2.17924e-09','9.37723e-08','-1.87912e-06','-5.104e-10','0','0','0','1.25692e-07','5.18432e-07','5.09345e-08','-2.35951e-09','3.7761e-08','1.0902e-09','9.39508e-09','-4.62068e-07','-2.79711e-09','0','0','0','7.29799e-10','-8.62749e-08','8.81838e-08','2.17924e-09','1.0902e-09','9.72906e-10','1.14035e-09','-3.65e-08','-1.36214e-10','0','0','0','4.2642e-08','-2.32014e-06','2.48153e-06','9.37723e-08','9.39508e-09','1.14035e-09','8.28254e-07','-1.52213e-06','-1.15867e-09','0','0','0','-1.78651e-06','4.29042e-05','-5.08222e-05','-1.87912e-06','-4.62068e-07','-3.65e-08','-1.52213e-06','0.000316587','4.38536e-08','0','0','0','-9.20325e-09','-1.99861e-08','-2.15858e-08','-5.104e-10','-2.79711e-09','-1.36214e-10','-1.15867e-09','4.38536e-08','3.08729e-08','0','0','0','0','0','0','0','0','0','0','0','0','0','0','0','0','0','0','0','0','0','0','0','0','0','0','0','0','0','0','0','0','0','0','0','0','0','0','0']

reports.append(Report(580681728, ("DT", -2, 2, 7), "MBwhAst2sec07"))
reports[-1].posNum = 12
reports[-1].negNum = 0
reports[-1].fittype = "6DOF"
reports[-1].add_parameters(ValErr(-0.000267926, 0.000630986, 0), \
                           ValErr(0.0216041, 0.0256751, 0), \
                           ValErr(-0.00616471, 0.00384498, 0), \
                           ValErr(-2.18748e-05, 9.14946e-05, 0), \
                           ValErr(9.74575e-06, 6.71097e-05, 0), \
                           ValErr(6.7569e-06, 9.98164e-06, 0), \
                           152.908, 12, 12, -nan)
reports[-1].sigmax = ValErr(0.00147455, 0.000311197, 0)
reports[-1].sigmay = ValErr(0.0878712, 0.0182887, 0)
reports[-1].sigmadxdz = ValErr(0.000319618, 6.54772e-05, 0)
reports[-1].sigmadydz = ValErr(0, 0, 0)
reports[-1].add_stats(-0.000334222, 0.0330895, 4.78277e-05, -0.00542269, -0.000253844, 0.014954, 1.76099e-05, -0.0051895, -0.000253844, 0.014954, 1.76099e-05, -0.0051895, -0.000891267, 0.0459988, 8.24397e-05, -0.0111757, -0.000891267, 0.0459988, 8.24397e-05, -0.0111757, 0.0017576, 0.0870031, 0.000318509, 0.015272, 0.0017576, 0.0870031, 0.000318509, 0.015272)
reports[-1].CovMatrix = ['3.98143e-07','1.04586e-07','4.22516e-07','-1.43807e-08','3.03319e-08','-1.80347e-09','-2.74596e-08','-1.45944e-06','8.12286e-10','0','0','0','1.04586e-07','0.000659209','-1.44682e-05','4.37613e-08','6.17337e-08','-6.62124e-09','-2.33134e-08','-2.78166e-06','-2.66965e-09','0','0','0','4.22516e-07','-1.44682e-05','1.47838e-05','-1.17239e-07','1.00186e-08','-8.93149e-10','-7.13245e-08','-2.45347e-06','7.06926e-09','0','0','0','-1.43807e-08','4.37613e-08','-1.17239e-07','8.37127e-09','-9.35659e-10','3.86194e-10','6.27967e-09','2.3361e-07','-5.13455e-10','0','0','0','3.03319e-08','6.17337e-08','1.00186e-08','-9.35659e-10','4.50372e-09','-2.50743e-10','-3.34028e-09','-1.90818e-07','4.7675e-11','0','0','0','-1.80347e-09','-6.62124e-09','-8.93149e-10','3.86194e-10','-2.50743e-10','9.96332e-11','4.70522e-10','2.10991e-08','-2.53463e-11','0','0','0','-2.74596e-08','-2.33134e-08','-7.13245e-08','6.27967e-09','-3.34028e-09','4.70522e-10','9.68438e-08','2.76503e-07','-3.80996e-10','0','0','0','-1.45944e-06','-2.78166e-06','-2.45347e-06','2.3361e-07','-1.90818e-07','2.10991e-08','2.76503e-07','0.000334519','-1.40398e-08','0','0','0','8.12286e-10','-2.66965e-09','7.06926e-09','-5.13455e-10','4.7675e-11','-2.53463e-11','-3.80996e-10','-1.40398e-08','4.28746e-09','0','0','0','0','0','0','0','0','0','0','0','0','0','0','0','0','0','0','0','0','0','0','0','0','0','0','0','0','0','0','0','0','0','0','0','0','0','0','0']

reports.append(Report(580943872, ("DT", -2, 2, 8), "MBwhAst2sec08"))
reports[-1].posNum = 8
reports[-1].negNum = 0
reports[-1].fittype = "6DOF"
reports[-1].add_parameters(ValErr(0.0042168, 0.00074551, 0), \
                           ValErr(-0.0492691, 0.0399547, 0), \
                           ValErr(-0.0198554, 0.00547942, 0), \
                           ValErr(-0.000506755, 0.000144733, 0), \
                           ValErr(0.000111874, 8.12032e-05, 0), \
                           ValErr(-8.60908e-05, 1.55511e-05, 0), \
                           103.385, 8, 8, -nan)
reports[-1].sigmax = ValErr(0.00132896, 0.000338032, 0)
reports[-1].sigmay = ValErr(0.111232, 0.027892, 0)
reports[-1].sigmadxdz = ValErr(0.000233954, 5.89746e-05, 0)
reports[-1].sigmadydz = ValErr(0, 0, 0)
reports[-1].add_stats(0.00126839, -0.0774826, -3.75713e-05, 0.0239303, 0.00118378, -0.0713847, 1.96498e-05, 0.0226804, 0.00118378, -0.0713847, 1.96498e-05, 0.0226804, -0.000295711, -0.0723259, -9.25198e-05, 0.0116493, -0.000295711, -0.0723259, -9.25198e-05, 0.0116493, 0.00349605, 0.110495, 0.000205232, 0.0180725, 0.00349605, 0.110495, 0.000205232, 0.0180725)
reports[-1].CovMatrix = ['5.55785e-07','2.61506e-06','-1.236e-06','-2.0881e-09','3.60448e-08','-7.12991e-09','-9.90873e-09','3.69422e-07','2.62308e-09','0','0','0','2.61506e-06','0.00159638','-3.35241e-05','4.21295e-07','3.22919e-07','-5.98378e-08','1.23197e-07','6.85378e-06','-3.65489e-09','0','0','0','-1.236e-06','-3.35241e-05','3.00241e-05','-5.45832e-08','-4.32699e-08','3.82294e-08','-2.1411e-08','-7.56054e-07','2.60689e-09','0','0','0','-2.0881e-09','4.21295e-07','-5.45832e-08','2.09477e-08','6.18554e-09','2.60406e-10','8.43558e-09','3.27341e-07','-7.69493e-10','0','0','0','3.60448e-08','3.22919e-07','-4.32699e-08','6.18554e-09','6.59396e-09','-4.94405e-10','1.15361e-09','1.49056e-07','1.29975e-10','0','0','0','-7.12991e-09','-5.98378e-08','3.82294e-08','2.60406e-10','-4.94405e-10','2.41836e-10','1.95259e-10','-2.84772e-09','-3.97899e-11','0','0','0','-9.90873e-09','1.23197e-07','-2.1411e-08','8.43558e-09','1.15361e-09','1.95259e-10','1.14266e-07','1.17564e-07','-4.15232e-10','0','0','0','3.69422e-07','6.85378e-06','-7.56054e-07','3.27341e-07','1.49056e-07','-2.84772e-09','1.17564e-07','0.000778149','-8.14595e-09','0','0','0','2.62308e-09','-3.65489e-09','2.60689e-09','-7.69493e-10','1.29975e-10','-3.97899e-11','-4.15232e-10','-8.14595e-09','3.47818e-09','0','0','0','0','0','0','0','0','0','0','0','0','0','0','0','0','0','0','0','0','0','0','0','0','0','0','0','0','0','0','0','0','0','0','0','0','0','0','0']

reports.append(Report(581206016, ("DT", -2, 2, 9), "MBwhAst2sec09"))
reports[-1].posNum = 11
reports[-1].negNum = 0
reports[-1].fittype = "6DOF"
reports[-1].add_parameters(ValErr(-0.000536488, 0.000799112, 0), \
                           ValErr(-0.0653282, 0.0396249, 0), \
                           ValErr(-0.0149012, 0.00863482, 0), \
                           ValErr(0.000578795, 0.00022611, 0), \
                           ValErr(0.000157498, 0.00013412, 0), \
