nan = None;  NAN = None
nan = 0
reports = []
class ValErr:
    def __init__(self, value, error, antisym):
        self.value, self.error, self.antisym = value, error, antisym

    def __repr__(self):
        if self.antisym == 0.:
            return "%g +- %g" % (self.value, self.error)
        else:
            return "%g +- %g ~ %g" % (self.value, self.error, self.antisym)

class Report:
    def __init__(self, chamberId, postal_address, name):
        self.chamberId, self.postal_address, self.name = chamberId, postal_address, name
        self.status = "NOFIT"
        self.fittype = None
        self.CovMatrix = None

    def add_parameters(self, deltax, deltay, deltaz, deltaphix, deltaphiy, deltaphiz, loglikelihood, numsegments, sumofweights, redchi2):
        self.status = "PASS"
        self.deltax, self.deltay, self.deltaz, self.deltaphix, self.deltaphiy, self.deltaphiz = deltax, deltay, deltaz, deltaphix, deltaphiy, deltaphiz
        self.loglikelihood, self.numsegments, self.sumofweights, self.redchi2 = loglikelihood, numsegments, sumofweights, redchi2

    def add_stats(self, median_x, median_y, median_dxdz, median_dydz, mean30_x, mean30_y, mean20_dxdz, mean50_dydz, mean15_x, mean15_y, mean10_dxdz, mean25_dydz, wmean30_x, wmean30_y, wmean20_dxdz, wmean50_dydz, wmean15_x, wmean15_y, wmean10_dxdz, wmean25_dydz, stdev30_x, stdev30_y, stdev20_dxdz, stdev50_dydz, stdev15_x, stdev15_y, stdev10_dxdz, stdev25_dydz):
        self.median_x, self.median_y, self.median_dxdz, self.median_dydz, self.mean30_x, self.mean30_y, self.mean20_dxdz, self.mean50_dydz, self.mean15_x, self.mean15_y, self.mean10_dxdz, self.mean25_dydz, self.wmean30_x, self.wmean30_y, self.wmean20_dxdz, self.wmean50_dydz, self.wmean15_x, self.wmean15_y, self.wmean10_dxdz, self.wmean25_dydz, self.stdev30_x, self.stdev30_y, self.stdev20_dxdz, self.stdev50_dydz, self.stdev15_x, self.stdev15_y, self.stdev10_dxdz, self.stdev25_dydz = median_x, median_y, median_dxdz, median_dydz, mean30_x, mean30_y, mean20_dxdz, mean50_dydz, mean15_x, mean15_y, mean10_dxdz, mean25_dydz, wmean30_x, wmean30_y, wmean20_dxdz, wmean50_dydz, wmean15_x, wmean15_y, wmean10_dxdz, wmean25_dydz, stdev30_x, stdev30_y, stdev20_dxdz, stdev50_dydz, stdev15_x, stdev15_y, stdev10_dxdz, stdev25_dydz

    def __repr__(self):
        return "<Report %s %s %s>" % (self.postal_address[0], " ".join(map(str, self.postal_address[1:])), self.status)

reports.append(Report(574914560, ("DT", -2, 1, 1), "MBwhAst1sec01"))
reports[-1].posNum = 1990
reports[-1].negNum = 0
reports[-1].fittype = "6DOF"
reports[-1].add_parameters(ValErr(0.000307889, 0.000860448, 0), \
                           ValErr(0.103761, 0.00728055, 0), \
                           ValErr(-0.00865515, 0.00563866, 0), \
                           ValErr(0.00016196, 3.79699e-05, 0), \
                           ValErr(-7.45818e-05, 1.90046e-05, 0), \
                           ValErr(8.77967e-05, 1.21086e-05, 0), \
                           17322.6, 1990, 1990, -nan)
reports[-1].sigmax = ValErr(0.0282605, 0.000446767, 0)
reports[-1].sigmay = ValErr(0.111064, 0.00176561, 0)
reports[-1].sigmadxdz = ValErr(0.000748311, 1.12396e-05, 0)
reports[-1].sigmadydz = ValErr(0, 0, 0)
reports[-1].add_stats(0.0013094, 0.0981184, 2.73265e-05, -0.0151954, 0.000984415, 0.0918788, 4.04787e-05, -0.0145348, 0.000984415, 0.0918788, 4.04787e-05, -0.0145348, 0.00101184, 0.093114, 3.9522e-05, -0.0149497, 0.00101184, 0.093114, 3.9522e-05, -0.0149497, 0.0282538, 0.11283, 0.000746872, 0.0175977, 0.0282538, 0.11283, 0.000746872, 0.0175977)
reports[-1].CovMatrix = ['7.4037e-07','3.65264e-06','-2.99974e-06','2.81678e-09','3.1112e-09','-2.55775e-09','1.15439e-08','3.36131e-08','3.3454e-11','0','0','0','3.65264e-06','5.30064e-05','-3.84852e-05','5.25537e-08','-5.16982e-09','1.64301e-09','3.2136e-08','-1.61051e-07','7.85133e-10','0','0','0','-2.99974e-06','-3.84852e-05','3.17945e-05','-2.90773e-08','6.26655e-09','-9.26921e-10','-2.94943e-08','1.45753e-07','-3.65795e-10','0','0','0','2.81678e-09','5.25537e-08','-2.90773e-08','1.44171e-09','6.00412e-11','1.11374e-10','-5.90298e-10','-2.64946e-09','1.10518e-11','0','0','0','3.1112e-09','-5.16982e-09','6.26655e-09','6.00412e-11','3.61173e-10','-1.25167e-10','3.72727e-10','2.97003e-09','-8.36674e-12','0','0','0','-2.55775e-09','1.64301e-09','-9.26921e-10','1.11374e-10','-1.25167e-10','1.46618e-10','-4.19002e-10','-1.75249e-09','2.74343e-12','0','0','0','1.15439e-08','3.2136e-08','-2.94943e-08','-5.90298e-10','3.72727e-10','-4.19002e-10','1.99601e-07','-1.90326e-09','-3.72306e-11','0','0','0','3.36131e-08','-1.61051e-07','1.45753e-07','-2.64946e-09','2.97003e-09','-1.75249e-09','-1.90326e-09','3.11738e-06','1.08671e-10','0','0','0','3.3454e-11','7.85133e-10','-3.65795e-10','1.10518e-11','-8.36674e-12','2.74343e-12','-3.72306e-11','1.08671e-10','1.26328e-10','0','0','0','0','0','0','0','0','0','0','0','0','0','0','0','0','0','0','0','0','0','0','0','0','0','0','0','0','0','0','0','0','0','0','0','0','0','0','0']

reports.append(Report(575176704, ("DT", -2, 1, 2), "MBwhAst1sec02"))
reports[-1].posNum = 1442
reports[-1].negNum = 0
reports[-1].fittype = "6DOF"
reports[-1].add_parameters(ValErr(-0.00442096, 0.000993639, 0), \
                           ValErr(0.0975852, 0.00859551, 0), \
                           ValErr(-0.00813971, 0.00665885, 0), \
                           ValErr(0.000264877, 4.84749e-05, 0), \
                           ValErr(-0.00015373, 2.29153e-05, 0), \
                           ValErr(7.65606e-05, 1.4784e-05, 0), \
                           12433.5, 1442, 1442, -nan)
reports[-1].sigmax = ValErr(0.0287617, 0.000536591, 0)
reports[-1].sigmay = ValErr(0.115497, 0.00215838, 0)
reports[-1].sigmadxdz = ValErr(0.000767802, 1.43189e-05, 0)
reports[-1].sigmadydz = ValErr(0, 0, 0)
reports[-1].add_stats(-0.00180019, 0.082454, -3.47369e-05, -0.0129864, -0.00312892, 0.0810879, -6.91585e-05, -0.012908, -0.00312892, 0.0810879, -6.91585e-05, -0.012908, -0.00410194, 0.0743852, -7.46137e-05, -0.0120497, -0.00410194, 0.0743852, -7.46137e-05, -0.0120497, 0.0287752, 0.118431, 0.000765214, 0.018632, 0.0287752, 0.118431, 0.000765214, 0.018632)
reports[-1].CovMatrix = ['9.87319e-07','4.05008e-06','-3.42904e-06','1.6585e-09','5.57318e-09','-5.03313e-09','-1.28972e-08','5.10857e-08','2.58556e-11','0','0','0','4.05008e-06','7.38827e-05','-5.30724e-05','6.99772e-08','-1.85092e-08','1.09349e-08','-1.38887e-08','-9.47415e-08','1.17104e-09','0','0','0','-3.42904e-06','-5.30724e-05','4.43403e-05','-1.6494e-08','1.283e-08','-4.50688e-09','2.36278e-08','-3.40711e-08','-4.64608e-10','0','0','0','1.6585e-09','6.99772e-08','-1.6494e-08','2.34982e-09','2.64627e-11','1.64137e-10','4.57827e-10','-5.59315e-09','2.67549e-11','0','0','0','5.57318e-09','-1.85092e-08','1.283e-08','2.64627e-11','5.25111e-10','-1.90768e-10','-3.86965e-10','2.95543e-09','-8.9301e-12','0','0','0','-5.03313e-09','1.09349e-08','-4.50688e-09','1.64137e-10','-1.90768e-10','2.18567e-10','4.81389e-10','-2.00805e-09','6.66317e-13','0','0','0','-1.28972e-08','-1.38887e-08','2.36278e-08','4.57827e-10','-3.86965e-10','4.81389e-10','2.8793e-07','-4.59482e-09','1.82918e-12','0','0','0','5.10857e-08','-9.47415e-08','-3.40711e-08','-5.59315e-09','2.95543e-09','-2.00805e-09','-4.59482e-09','4.65861e-06','-9.96289e-11','0','0','0','2.58556e-11','1.17104e-09','-4.64608e-10','2.67549e-11','-8.9301e-12','6.66317e-13','1.82918e-12','-9.96289e-11','2.05031e-10','0','0','0','0','0','0','0','0','0','0','0','0','0','0','0','0','0','0','0','0','0','0','0','0','0','0','0','0','0','0','0','0','0','0','0','0','0','0','0']

reports.append(Report(575438848, ("DT", -2, 1, 3), "MBwhAst1sec03"))
reports[-1].posNum = 1490
reports[-1].negNum = 0
reports[-1].fittype = "6DOF"
reports[-1].add_parameters(ValErr(-0.00281856, 0.00110125, 0), \
                           ValErr(0.0954044, 0.00869714, 0), \
                           ValErr(-0.00322359, 0.00674267, 0), \
                           ValErr(0.000176849, 4.76928e-05, 0), \
                           ValErr(-0.000105915, 2.2635e-05, 0), \
                           ValErr(9.59644e-05, 1.50578e-05, 0), \
                           12823, 1490, 1490, -nan)
reports[-1].sigmax = ValErr(0.0296407, 0.000545658, 0)
reports[-1].sigmay = ValErr(0.117408, 0.00216626, 0)
reports[-1].sigmadxdz = ValErr(0.000745017, 1.36833e-05, 0)
reports[-1].sigmadydz = ValErr(0, 0, 0)
reports[-1].add_stats(-0.000885009, 0.099707, 4.09175e-05, -0.0153481, -0.000983588, 0.0897755, 1.92179e-05, -0.0137885, -0.000983588, 0.0897755, 1.92179e-05, -0.0137885, -0.000729403, 0.0851109, 1.58197e-05, -0.0131431, -0.000729403, 0.0851109, 1.58197e-05, -0.0131431, 0.0295454, 0.120103, 0.000742443, 0.0190775, 0.0295454, 0.120103, 0.000742443, 0.0190775)
reports[-1].CovMatrix = ['1.21275e-06','5.74022e-06','-4.70612e-06','3.2681e-09','5.56625e-09','-4.97793e-09','-2.03666e-08','7.85169e-08','3.95881e-11','0','0','0','5.74022e-06','7.56402e-05','-5.46295e-05','7.36755e-08','-6.65131e-09','2.34776e-09','-2.88944e-08','-7.02601e-08','1.36383e-09','0','0','0','-4.70612e-06','-5.46295e-05','4.54636e-05','-2.83994e-08','1.11268e-08','-1.60707e-09','2.15904e-08','4.4664e-08','-9.08588e-10','0','0','0','3.2681e-09','7.36755e-08','-2.83994e-08','2.2746e-09','9.55672e-11','1.8032e-10','3.77826e-10','-4.63559e-09','2.17061e-11','0','0','0','5.56625e-09','-6.65131e-09','1.11268e-08','9.55672e-11','5.12345e-10','-1.94858e-10','-6.96884e-10','4.94413e-09','-1.33918e-11','0','0','0','-4.97793e-09','2.34776e-09','-1.60707e-09','1.8032e-10','-1.94858e-10','2.26737e-10','8.0669e-10','-3.25285e-09','5.07855e-13','0','0','0','-2.03666e-08','-2.88944e-08','2.15904e-08','3.77826e-10','-6.96884e-10','8.0669e-10','2.97742e-07','-1.11646e-08','-2.17137e-12','0','0','0','7.85169e-08','-7.02601e-08','4.4664e-08','-4.63559e-09','4.94413e-09','-3.25285e-09','-1.11646e-08','4.69269e-06','-1.44872e-10','0','0','0','3.95881e-11','1.36383e-09','-9.08588e-10','2.17061e-11','-1.33918e-11','5.07855e-13','-2.17137e-12','-1.44872e-10','1.87232e-10','0','0','0','0','0','0','0','0','0','0','0','0','0','0','0','0','0','0','0','0','0','0','0','0','0','0','0','0','0','0','0','0','0','0','0','0','0','0','0']

reports.append(Report(575700992, ("DT", -2, 1, 4), "MBwhAst1sec04"))
reports[-1].posNum = 1958
reports[-1].negNum = 0
reports[-1].fittype = "6DOF"
reports[-1].add_parameters(ValErr(3.35336e-05, 0.000843581, 0), \
                           ValErr(0.108624, 0.00746632, 0), \
                           ValErr(-0.00997807, 0.00573145, 0), \
                           ValErr(0.000193727, 4.17932e-05, 0), \
                           ValErr(-6.11855e-05, 1.92581e-05, 0), \
                           ValErr(6.03109e-05, 1.25599e-05, 0), \
                           16992.5, 1958, 1958, -nan)
reports[-1].sigmax = ValErr(0.0281524, 0.000442262, 0)
reports[-1].sigmay = ValErr(0.117917, 0.00189878, 0)
reports[-1].sigmadxdz = ValErr(0.000726382, 1.13539e-05, 0)
reports[-1].sigmadydz = ValErr(0, 0, 0)
reports[-1].add_stats(0.000665164, 0.0960524, 1.44426e-05, -0.0152447, 2.69382e-05, 0.0943076, 1.50773e-05, -0.014673, 2.69382e-05, 0.0943076, 1.50773e-05, -0.014673, -0.000649428, 0.0917924, 1.41072e-06, -0.0147321, -0.000649428, 0.0917924, 1.41072e-06, -0.0147321, 0.0281233, 0.119346, 0.000725175, 0.0186035, 0.0281233, 0.119346, 0.000725175, 0.0186035)
reports[-1].CovMatrix = ['7.11629e-07','3.50112e-06','-2.86772e-06','2.20983e-09','2.70794e-09','-2.19662e-09','-1.49684e-08','6.20224e-09','7.68314e-12','0','0','0','3.50112e-06','5.57459e-05','-3.98611e-05','5.12556e-08','-1.38638e-08','9.27169e-09','-7.41635e-10','-3.42621e-07','4.35189e-10','0','0','0','-2.86772e-06','-3.98611e-05','3.28495e-05','-2.45968e-08','1.16864e-08','-6.14523e-09','9.02915e-09','2.93623e-07','-3.19099e-10','0','0','0','2.20983e-09','5.12556e-08','-2.45968e-08','1.74667e-09','1.94768e-11','1.41526e-10','-2.22159e-10','-3.97517e-09','8.51403e-12','0','0','0','2.70794e-09','-1.38638e-08','1.16864e-08','1.94768e-11','3.70874e-10','-1.41041e-10','-3.81002e-10','3.24399e-09','-5.52762e-12','0','0','0','-2.19662e-09','9.27169e-09','-6.14523e-09','1.41526e-10','-1.41041e-10','1.57752e-10','3.38659e-10','-2.04062e-09','1.56935e-14','0','0','0','-1.49684e-08','-7.41635e-10','9.02915e-09','-2.22159e-10','-3.81002e-10','3.38659e-10','1.95595e-07','-3.42991e-08','7.59219e-12','0','0','0','6.20224e-09','-3.42621e-07','2.93623e-07','-3.97517e-09','3.24399e-09','-2.04062e-09','-3.42991e-08','3.60536e-06','-5.53856e-11','0','0','0','7.68314e-12','4.35189e-10','-3.19099e-10','8.51403e-12','-5.52762e-12','1.56935e-14','7.59219e-12','-5.53856e-11','1.28912e-10','0','0','0','0','0','0','0','0','0','0','0','0','0','0','0','0','0','0','0','0','0','0','0','0','0','0','0','0','0','0','0','0','0','0','0','0','0','0','0']

reports.append(Report(575963136, ("DT", -2, 1, 5), "MBwhAst1sec05"))
reports[-1].posNum = 1952
reports[-1].negNum = 0
reports[-1].fittype = "6DOF"
reports[-1].add_parameters(ValErr(-0.00180833, 0.000856485, 0), \
                           ValErr(0.0925251, 0.00710367, 0), \
                           ValErr(0.0015017, 0.0054957, 0), \
                           ValErr(0.000243641, 3.9725e-05, 0), \
                           ValErr(-6.00591e-05, 1.90746e-05, 0), \
                           ValErr(5.19524e-05, 1.19277e-05, 0), \
                           17047.9, 1952, 1952, -nan)
reports[-1].sigmax = ValErr(0.0272198, 0.000435646, 0)
reports[-1].sigmay = ValErr(0.114332, 0.00187353, 0)
reports[-1].sigmadxdz = ValErr(0.000733366, 1.25142e-05, 0)
reports[-1].sigmadydz = ValErr(0, 0, 0)
reports[-1].add_stats(-0.00100327, 0.101823, 1.57234e-05, -0.0161134, -0.000730453, 0.0920259, 2.79952e-06, -0.014798, -0.000730453, 0.0920259, 2.79952e-06, -0.014798, -8.62955e-05, 0.086783, 4.57877e-06, -0.0140943, -8.62955e-05, 0.086783, 4.57877e-06, -0.0140943, 0.0271304, 0.116665, 0.00073113, 0.0183066, 0.0271304, 0.116665, 0.00073113, 0.0183066)
reports[-1].CovMatrix = ['7.33567e-07','3.60825e-06','-2.96595e-06','1.19681e-09','3.31025e-09','-2.92018e-09','-1.36963e-08','5.14856e-08','1.49646e-10','0','0','0','3.60825e-06','5.04621e-05','-3.62759e-05','4.13516e-08','-1.23581e-09','-4.37561e-09','-9.82104e-08','2.17302e-08','-4.17419e-10','0','0','0','-2.96595e-06','-3.62759e-05','3.02027e-05','-2.00114e-08','4.17221e-09','3.35158e-09','6.92788e-08','3.38519e-08','1.07473e-09','0','0','0','1.19681e-09','4.13516e-08','-2.00114e-08','1.57808e-09','8.97599e-11','1.06282e-10','8.48699e-11','-2.97915e-09','7.29875e-12','0','0','0','3.31025e-09','-1.23581e-09','4.17221e-09','8.97599e-11','3.63841e-10','-1.23951e-10','-3.84914e-10','3.23032e-09','-5.39272e-12','0','0','0','-2.92018e-09','-4.37561e-09','3.35158e-09','1.06282e-10','-1.23951e-10','1.42271e-10','4.19532e-10','-1.7751e-09','-5.89382e-13','0','0','0','-1.36963e-08','-9.82104e-08','6.92788e-08','8.48699e-11','-3.84914e-10','4.19532e-10','1.89788e-07','-8.53537e-09','-3.57723e-11','0','0','0','5.14856e-08','2.17302e-08','3.38519e-08','-2.97915e-09','3.23032e-09','-1.7751e-09','-8.53537e-09','3.51011e-06','1.36232e-09','0','0','0','1.49646e-10','-4.17419e-10','1.07473e-09','7.29875e-12','-5.39272e-12','-5.89382e-13','-3.57723e-11','1.36232e-09','1.56605e-10','0','0','0','0','0','0','0','0','0','0','0','0','0','0','0','0','0','0','0','0','0','0','0','0','0','0','0','0','0','0','0','0','0','0','0','0','0','0','0']

reports.append(Report(576225280, ("DT", -2, 1, 6), "MBwhAst1sec06"))
reports[-1].posNum = 1826
reports[-1].negNum = 0
reports[-1].fittype = "6DOF"
reports[-1].add_parameters(ValErr(-0.000567516, 0.000927316, 0), \
                           ValErr(0.105829, 0.00773819, 0), \
                           ValErr(-0.013784, 0.00600468, 0), \
                           ValErr(0.000142489, 4.37727e-05, 0), \
                           ValErr(-0.000100192, 2.04401e-05, 0), \
                           ValErr(8.63655e-05, 1.36381e-05, 0), \
                           15762, 1826, 1826, -nan)
reports[-1].sigmax = ValErr(0.0292001, 0.000485314, 0)
reports[-1].sigmay = ValErr(0.113597, 0.00189067, 0)
reports[-1].sigmadxdz = ValErr(0.000761577, 1.26225e-05, 0)
reports[-1].sigmadydz = ValErr(0, 0, 0)
reports[-1].add_stats(0.000991345, 0.0942661, 3.01206e-05, -0.015118, -1.49332e-05, 0.0871441, 1.63476e-05, -0.0138964, -1.49332e-05, 0.0871441, 1.63476e-05, -0.0138964, 8.34429e-05, 0.0875859, 1.49523e-05, -0.0139245, 8.34429e-05, 0.0875859, 1.49523e-05, -0.0139245, 0.0291488, 0.115514, 0.00076039, 0.0180944, 0.0291488, 0.115514, 0.00076039, 0.0180944)
reports[-1].CovMatrix = ['8.59915e-07','3.95302e-06','-3.26727e-06','2.4031e-09','3.94427e-09','-3.45094e-09','-1.17782e-08','4.59748e-08','1.82851e-11','0','0','0','3.95302e-06','5.98796e-05','-4.34122e-05','5.65767e-08','-1.27946e-08','8.23638e-09','1.87717e-08','-1.53003e-07','6.78508e-10','0','0','0','-3.26727e-06','-4.34122e-05','3.60562e-05','-2.02944e-08','1.18723e-08','-5.09906e-09','-9.82758e-09','9.64962e-08','-4.4871e-10','0','0','0','2.4031e-09','5.65767e-08','-2.02944e-08','1.91605e-09','4.36678e-11','1.47967e-10','4.87669e-10','-3.03341e-09','9.08742e-12','0','0','0','3.94427e-09','-1.27946e-08','1.18723e-08','4.36678e-11','4.17799e-10','-1.58831e-10','-5.4817e-10','3.62953e-09','-9.69761e-12','0','0','0','-3.45094e-09','8.23638e-09','-5.09906e-09','1.47967e-10','-1.58831e-10','1.85998e-10','6.18141e-10','-2.28695e-09','-6.57707e-13','0','0','0','-1.17782e-08','1.87717e-08','-9.82758e-09','4.87669e-10','-5.4817e-10','6.18141e-10','2.35529e-07','-7.74015e-09','-1.37107e-12','0','0','0','4.59748e-08','-1.53003e-07','9.64962e-08','-3.03341e-09','3.62953e-09','-2.28695e-09','-7.74015e-09','3.57464e-06','-7.35864e-11','0','0','0','1.82851e-11','6.78508e-10','-4.4871e-10','9.08742e-12','-9.69761e-12','-6.57707e-13','-1.37107e-12','-7.35864e-11','1.59327e-10','0','0','0','0','0','0','0','0','0','0','0','0','0','0','0','0','0','0','0','0','0','0','0','0','0','0','0','0','0','0','0','0','0','0','0','0','0','0','0']

reports.append(Report(576487424, ("DT", -2, 1, 7), "MBwhAst1sec07"))
reports[-1].posNum = 2032
reports[-1].negNum = 0
reports[-1].fittype = "6DOF"
reports[-1].add_parameters(ValErr(-0.00032805, 0.000840157, 0), \
                           ValErr(0.10907, 0.00726694, 0), \
                           ValErr(-0.011888, 0.00561822, 0), \
                           ValErr(0.000227728, 3.9112e-05, 0), \
                           ValErr(-6.59578e-05, 1.86599e-05, 0), \
                           ValErr(5.83212e-05, 1.22629e-05, 0), \
                           17787.8, 2032, 2032, -nan)
reports[-1].sigmax = ValErr(0.0284863, 0.000434892, 0)
reports[-1].sigmay = ValErr(0.109843, 0.00173855, 0)
reports[-1].sigmadxdz = ValErr(0.000714723, 1.11676e-05, 0)
reports[-1].sigmadydz = ValErr(0, 0, 0)
reports[-1].add_stats(-0.000783925, 0.0962324, 2.85387e-05, -0.0156203, -0.000483892, 0.0923867, 8.91793e-06, -0.0145561, -0.000483892, 0.0923867, 8.91793e-06, -0.0145561, -0.000204331, 0.0919526, 1.25583e-05, -0.0143373, -0.000204331, 0.0919526, 1.25583e-05, -0.0143373, 0.0284031, 0.111891, 0.000712786, 0.0175819, 0.0284031, 0.111891, 0.000712786, 0.0175819)
reports[-1].CovMatrix = ['7.05864e-07','3.444e-06','-2.84733e-06','2.51704e-09','3.15112e-09','-2.58226e-09','-2.70928e-08','1.95547e-08','1.33332e-11','0','0','0','3.444e-06','5.28085e-05','-3.83307e-05','5.08522e-08','-4.72602e-09','1.8584e-09','-1.54181e-07','-2.53606e-07','9.3828e-10','0','0','0','-2.84733e-06','-3.83307e-05','3.15644e-05','-2.83741e-08','5.20531e-09','-8.80607e-10','1.20431e-07','1.64676e-07','-7.01475e-10','0','0','0','2.51704e-09','5.08522e-08','-2.83741e-08','1.52975e-09','6.32443e-11','1.06941e-10','3.13774e-10','-3.44199e-09','9.16074e-12','0','0','0','3.15112e-09','-4.72602e-09','5.20531e-09','6.32443e-11','3.48191e-10','-1.33349e-10','-3.52862e-10','2.88242e-09','-8.40806e-12','0','0','0','-2.58226e-09','1.8584e-09','-8.80607e-10','1.06941e-10','-1.33349e-10','1.50378e-10','4.90987e-10','-1.9819e-09','-7.51033e-13','0','0','0','-2.70928e-08','-1.54181e-07','1.20431e-07','3.13774e-10','-3.52862e-10','4.90987e-10','1.89131e-07','-1.32568e-08','3.00111e-12','0','0','0','1.95547e-08','-2.53606e-07','1.64676e-07','-3.44199e-09','2.88242e-09','-1.9819e-09','-1.32568e-08','3.02257e-06','-8.07809e-11','0','0','0','1.33332e-11','9.3828e-10','-7.01475e-10','9.16074e-12','-8.40806e-12','-7.51033e-13','3.00111e-12','-8.07809e-11','1.24716e-10','0','0','0','0','0','0','0','0','0','0','0','0','0','0','0','0','0','0','0','0','0','0','0','0','0','0','0','0','0','0','0','0','0','0','0','0','0','0','0']

reports.append(Report(576749568, ("DT", -2, 1, 8), "MBwhAst1sec08"))
reports[-1].posNum = 1789
reports[-1].negNum = 0
reports[-1].fittype = "6DOF"
reports[-1].add_parameters(ValErr(-0.000969403, 0.000880486, 0), \
                           ValErr(0.0998014, 0.00755834, 0), \
                           ValErr(-0.00689457, 0.00586204, 0), \
                           ValErr(0.00021517, 4.21599e-05, 0), \
                           ValErr(-9.03132e-05, 2.01966e-05, 0), \
                           ValErr(7.41188e-05, 1.30962e-05, 0), \
                           15620.2, 1789, 1789, -nan)
reports[-1].sigmax = ValErr(0.0280685, 0.000472836, 0)
reports[-1].sigmay = ValErr(0.110199, 0.00186375, 0)
reports[-1].sigmadxdz = ValErr(0.000739547, 1.24249e-05, 0)
reports[-1].sigmadydz = ValErr(0, 0, 0)
reports[-1].add_stats(-0.000803179, 0.0942869, 5.53987e-06, -0.0154372, -1.79948e-05, 0.0873583, 8.48491e-06, -0.0142092, -1.79948e-05, 0.0873583, 8.48491e-06, -0.0142092, 0.000565363, 0.0840919, 2.07385e-05, -0.0135741, 0.000565363, 0.0840919, 2.07385e-05, -0.0135741, 0.0279222, 0.112703, 0.00073782, 0.0176126, 0.0279222, 0.112703, 0.00073782, 0.0176126)
reports[-1].CovMatrix = ['7.75255e-07','3.43784e-06','-2.87607e-06','1.59239e-09','3.94061e-09','-3.61512e-09','-1.57854e-08','5.31468e-08','1.05084e-11','0','0','0','3.43784e-06','5.71285e-05','-4.13501e-05','5.26652e-08','-1.00741e-08','4.8921e-09','-1.90836e-08','-9.53628e-08','1.23727e-09','0','0','0','-2.87607e-06','-4.13501e-05','3.43635e-05','-1.77197e-08','7.56617e-09','-1.56719e-09','3.03435e-08','-3.1548e-08','-7.64732e-10','0','0','0','1.59239e-09','5.26652e-08','-1.77197e-08','1.77746e-09','4.51968e-11','1.22307e-10','5.17069e-10','-4.08059e-09','1.30563e-11','0','0','0','3.94061e-09','-1.00741e-08','7.56617e-09','4.51968e-11','4.07904e-10','-1.4888e-10','-7.14672e-10','4.43557e-09','-9.8947e-12','0','0','0','-3.61512e-09','4.8921e-09','-1.56719e-09','1.22307e-10','-1.4888e-10','1.71511e-10','6.81084e-10','-2.50389e-09','-1.76573e-12','0','0','0','-1.57854e-08','-1.90836e-08','3.03435e-08','5.17069e-10','-7.14672e-10','6.81084e-10','2.23574e-07','-1.55832e-08','-2.774e-11','0','0','0','5.31468e-08','-9.53628e-08','-3.1548e-08','-4.08059e-09','4.43557e-09','-2.50389e-09','-1.55832e-08','3.47358e-06','-5.98903e-11','0','0','0','1.05084e-11','1.23727e-09','-7.64732e-10','1.30563e-11','-9.8947e-12','-1.76573e-12','-2.774e-11','-5.98903e-11','1.54379e-10','0','0','0','0','0','0','0','0','0','0','0','0','0','0','0','0','0','0','0','0','0','0','0','0','0','0','0','0','0','0','0','0','0','0','0','0','0','0','0']

reports.append(Report(577011712, ("DT", -2, 1, 9), "MBwhAst1sec09"))
reports[-1].posNum = 1345
reports[-1].negNum = 0
reports[-1].fittype = "6DOF"
reports[-1].add_parameters(ValErr(-0.00214916, 0.0010736, 0), \
                           ValErr(0.0858399, 0.0092829, 0), \
                           ValErr(0.00206486, 0.00723509, 0), \
                           ValErr(0.000162514, 4.74233e-05, 0), \
                           ValErr(-0.000105431, 2.38741e-05, 0), \
                           ValErr(5.58436e-05, 1.51933e-05, 0), \
                           11541, 1345, 1345, -nan)
reports[-1].sigmax = ValErr(0.0301785, 0.000548613, 0)
reports[-1].sigmay = ValErr(0.112635, 0.0021902, 0)
reports[-1].sigmadxdz = ValErr(0.000782337, 1.51856e-05, 0)
reports[-1].sigmadydz = ValErr(0, 0, 0)
reports[-1].add_stats(-0.000407029, 0.0912381, 1.1382e-05, -0.0144536, -0.000721679, 0.0861411, -2.12004e-05, -0.0136172, -0.000721679, 0.0861411, -2.12004e-05, -0.0136172, -0.00132312, 0.0876825, -1.30476e-05, -0.0139988, -0.00132312, 0.0876825, -1.30476e-05, -0.0139988, 0.0301186, 0.114614, 0.000779648, 0.018145, 0.0301186, 0.114614, 0.000779648, 0.018145)
reports[-1].CovMatrix = ['1.15262e-06','5.64649e-06','-4.66486e-06','5.21848e-09','4.32257e-09','-3.39224e-09','1.67512e-08','6.19041e-08','1.23725e-11','0','0','0','5.64649e-06','8.61723e-05','-6.32101e-05','7.99696e-08','-1.87848e-08','9.58013e-09','-1.39519e-07','-4.77684e-07','1.74737e-09','0','0','0','-4.66486e-06','-6.32101e-05','5.23465e-05','-4.03007e-08','1.65791e-08','-6.26968e-09','1.09718e-07','3.79919e-07','-1.01477e-09','0','0','0','5.21848e-09','7.99696e-08','-4.03007e-08','2.24897e-09','6.73458e-11','1.56953e-10','-1.91232e-09','-3.34991e-09','2.80984e-11','0','0','0','4.32257e-09','-1.87848e-08','1.65791e-08','6.73458e-11','5.69971e-10','-1.99785e-10','-2.48286e-10','5.95365e-09','-1.83234e-11','0','0','0','-3.39224e-09','9.58013e-09','-6.26968e-09','1.56953e-10','-1.99785e-10','2.30837e-10','7.45553e-11','-3.56165e-09','5.60022e-14','0','0','0','1.67512e-08','-1.39519e-07','1.09718e-07','-1.91232e-09','-2.48286e-10','7.45553e-11','3.00977e-07','-2.43199e-08','-1.49667e-11','0','0','0','6.19041e-08','-4.77684e-07','3.79919e-07','-3.34991e-09','5.95365e-09','-3.56165e-09','-2.43199e-08','4.79697e-06','-1.87611e-10','0','0','0','1.23725e-11','1.74737e-09','-1.01477e-09','2.80984e-11','-1.83234e-11','5.60022e-14','-1.49667e-11','-1.87611e-10','2.30603e-10','0','0','0','0','0','0','0','0','0','0','0','0','0','0','0','0','0','0','0','0','0','0','0','0','0','0','0','0','0','0','0','0','0','0','0','0','0','0','0']

reports.append(Report(577273856, ("DT", -2, 1, 10), "MBwhAst1sec10"))
reports[-1].posNum = 1279
reports[-1].negNum = 0
reports[-1].fittype = "6DOF"
reports[-1].add_parameters(ValErr(0.00298898, 0.00105404, 0), \
                           ValErr(0.106393, 0.00946316, 0), \
                           ValErr(-0.0125703, 0.00725143, 0), \
                           ValErr(0.000108361, 4.88569e-05, 0), \
                           ValErr(-8.07563e-06, 2.34355e-05, 0), \
                           ValErr(3.92885e-05, 1.51838e-05, 0), \
                           11069.4, 1279, 1279, -nan)
reports[-1].sigmax = ValErr(0.0291858, 0.000581796, 0)
reports[-1].sigmay = ValErr(0.117248, 0.00232452, 0)
reports[-1].sigmadxdz = ValErr(0.000721639, 1.42247e-05, 0)
reports[-1].sigmadydz = ValErr(0, 0, 0)
reports[-1].add_stats(0.00182342, 0.0957238, 3.54772e-05, -0.0149723, 0.00222552, 0.0902895, 5.84779e-05, -0.0142117, 0.00222552, 0.0902895, 5.84779e-05, -0.0142117, 0.00170091, 0.088542, 5.7855e-05, -0.0139929, 0.00170091, 0.088542, 5.7855e-05, -0.0139929, 0.0291387, 0.117759, 0.000720753, 0.0185174, 0.0291387, 0.117759, 0.000720753, 0.0185174)
reports[-1].CovMatrix = ['1.111e-06','5.55715e-06','-4.58885e-06','5.38657e-09','3.09596e-09','-1.97822e-09','-1.52094e-08','7.58763e-10','-2.91527e-11','0','0','0','5.55715e-06','8.95513e-05','-6.44322e-05','8.54991e-08','-2.67373e-08','2.02757e-08','-9.08657e-08','-6.19779e-07','1.4651e-09','0','0','0','-4.58885e-06','-6.44322e-05','5.25832e-05','-5.36298e-08','2.15761e-08','-1.50523e-08','9.49764e-08','3.68499e-07','-1.26038e-09','0','0','0','5.38657e-09','8.54991e-08','-5.36298e-08','2.387e-09','-2.06981e-11','2.11816e-10','2.69766e-10','-3.16288e-09','9.23523e-12','0','0','0','3.09596e-09','-2.67373e-08','2.15761e-08','-2.06981e-11','5.49222e-10','-2.07037e-10','-7.83869e-10','5.12493e-09','-1.28214e-11','0','0','0','-1.97822e-09','2.02757e-08','-1.50523e-08','2.11816e-10','-2.07037e-10','2.30548e-10','8.05065e-10','-3.21352e-09','-1.22092e-12','0','0','0','-1.52094e-08','-9.08657e-08','9.49764e-08','2.69766e-10','-7.83869e-10','8.05065e-10','3.38487e-07','6.87588e-09','4.28979e-11','0','0','0','7.58763e-10','-6.19779e-07','3.68499e-07','-3.16288e-09','5.12493e-09','-3.21352e-09','6.87588e-09','5.4034e-06','-1.18606e-10','0','0','0','-2.91527e-11','1.4651e-09','-1.26038e-09','9.23523e-12','-1.28214e-11','-1.22092e-12','4.28979e-11','-1.18606e-10','2.02343e-10','0','0','0','0','0','0','0','0','0','0','0','0','0','0','0','0','0','0','0','0','0','0','0','0','0','0','0','0','0','0','0','0','0','0','0','0','0','0','0']

reports.append(Report(577536000, ("DT", -2, 1, 11), "MBwhAst1sec11"))
reports[-1].posNum = 1492
reports[-1].negNum = 0
reports[-1].fittype = "6DOF"
reports[-1].add_parameters(ValErr(-0.000906552, 0.00102968, 0), \
                           ValErr(0.0991009, 0.00865642, 0), \
                           ValErr(-0.00456825, 0.00669148, 0), \
                           ValErr(0.000211264, 4.45063e-05, 0), \
                           ValErr(-9.66795e-05, 2.21855e-05, 0), \
                           ValErr(8.71486e-05, 1.39283e-05, 0), \
                           12947.6, 1492, 1492, -nan)
reports[-1].sigmax = ValErr(0.0280897, 0.000518252, 0)
reports[-1].sigmay = ValErr(0.112752, 0.0020542, 0)
reports[-1].sigmadxdz = ValErr(0.000761757, 1.40104e-05, 0)
reports[-1].sigmadydz = ValErr(0, 0, 0)
reports[-1].add_stats(-0.00033331, 0.0961522, 3.12756e-05, -0.015705, 4.25109e-06, 0.0929796, 1.09479e-05, -0.0147974, 4.25109e-06, 0.0929796, 1.09479e-05, -0.0147974, -0.000524913, 0.0968683, -1.41055e-05, -0.015397, -0.000524913, 0.0968683, -1.41055e-05, -0.015397, 0.0280459, 0.115331, 0.000758974, 0.0181203, 0.0280459, 0.115331, 0.000758974, 0.0181203)
reports[-1].CovMatrix = ['1.06023e-06','5.64788e-06','-4.59991e-06','4.20732e-09','3.26744e-09','-2.56625e-09','-1.93032e-08','4.42142e-08','4.32152e-11','0','0','0','5.64788e-06','7.49336e-05','-5.4465e-05','6.92765e-08','-9.69941e-09','4.56604e-09','-9.1882e-08','-9.5839e-08','1.2481e-09','0','0','0','-4.59991e-06','-5.4465e-05','4.47758e-05','-4.31408e-08','1.2205e-08','-4.38478e-09','7.10432e-08','8.64515e-08','-1.07548e-09','0','0','0','4.20732e-09','6.92765e-08','-4.31408e-08','1.98081e-09','5.01003e-11','1.83163e-10','-3.06117e-11','-4.78367e-09','2.39642e-11','0','0','0','3.26744e-09','-9.69941e-09','1.2205e-08','5.01003e-11','4.92196e-10','-1.64876e-10','-5.501e-10','4.77941e-09','-1.33128e-11','0','0','0','-2.56625e-09','4.56604e-09','-4.38478e-09','1.83163e-10','-1.64876e-10','1.93997e-10','5.52726e-10','-2.4836e-09','2.25452e-12','0','0','0','-1.93032e-08','-9.1882e-08','7.10432e-08','-3.06117e-11','-5.501e-10','5.52726e-10','2.68585e-07','-1.58296e-08','-3.28787e-11','0','0','0','4.42142e-08','-9.5839e-08','8.64515e-08','-4.78367e-09','4.77941e-09','-2.4836e-09','-1.58296e-08','4.21975e-06','1.17693e-10','0','0','0','4.32152e-11','1.2481e-09','-1.07548e-09','2.39642e-11','-1.33128e-11','2.25452e-12','-3.28787e-11','1.17693e-10','1.96293e-10','0','0','0','0','0','0','0','0','0','0','0','0','0','0','0','0','0','0','0','0','0','0','0','0','0','0','0','0','0','0','0','0','0','0','0','0','0','0','0']

reports.append(Report(577798144, ("DT", -2, 1, 12), "MBwhAst1sec12"))
reports[-1].posNum = 1900
reports[-1].negNum = 0
reports[-1].fittype = "6DOF"
reports[-1].add_parameters(ValErr(-0.00147848, 0.000946981, 0), \
                           ValErr(0.0952232, 0.00779804, 0), \
                           ValErr(-0.00379322, 0.00604983, 0), \
                           ValErr(0.000104965, 4.3658e-05, 0), \
                           ValErr(-0.000101541, 2.07245e-05, 0), \
                           ValErr(6.48522e-05, 1.36114e-05, 0), \
                           16195.7, 1900, 1900, -nan)
reports[-1].sigmax = ValErr(0.0303076, 0.00049408, 0)
reports[-1].sigmay = ValErr(0.117397, 0.0019158, 0)
reports[-1].sigmadxdz = ValErr(0.000790923, 1.28551e-05, 0)
reports[-1].sigmadydz = ValErr(0, 0, 0)
reports[-1].add_stats(-0.00072575, 0.0950675, -3.00494e-06, -0.0156344, -0.000290788, 0.0893406, -2.12837e-06, -0.0140217, -0.000290788, 0.0893406, -2.12837e-06, -0.0140217, -0.00115112, 0.0864456, -2.26544e-05, -0.0137227, -0.00115112, 0.0864456, -2.26544e-05, -0.0137227, 0.030192, 0.119077, 0.000789856, 0.0187748, 0.030192, 0.119077, 0.000789856, 0.0187748)
reports[-1].CovMatrix = ['8.96774e-07','4.12347e-06','-3.40126e-06','2.47107e-09','4.23324e-09','-3.72037e-09','-1.31315e-08','-4.9901e-08','2.77977e-11','0','0','0','4.12347e-06','6.08095e-05','-4.40603e-05','5.62758e-08','-8.91915e-09','4.1905e-09','1.13387e-08','1.25192e-07','6.91744e-10','0','0','0','-3.40126e-06','-4.40603e-05','3.66005e-05','-2.0923e-08','9.62872e-09','-2.31137e-09','-5.09722e-09','-8.63372e-08','-5.07904e-10','0','0','0','2.47107e-09','5.62758e-08','-2.0923e-08','1.90602e-09','7.29032e-11','1.32048e-10','4.80113e-10','2.64089e-09','6.6517e-12','0','0','0','4.23324e-09','-8.91915e-09','9.62872e-09','7.29032e-11','4.29506e-10','-1.57983e-10','-5.58726e-10','-3.81159e-09','-1.0637e-11','0','0','0','-3.72037e-09','4.1905e-09','-2.31137e-09','1.32048e-10','-1.57983e-10','1.85271e-10','6.65721e-10','2.34186e-09','-1.52755e-12','0','0','0','-1.31315e-08','1.13387e-08','-5.09722e-09','4.80113e-10','-5.58726e-10','6.65721e-10','2.44116e-07','8.36144e-09','-5.85112e-12','0','0','0','-4.9901e-08','1.25192e-07','-8.63372e-08','2.64089e-09','-3.81159e-09','2.34186e-09','8.36144e-09','3.67028e-06','7.32074e-11','0','0','0','2.77977e-11','6.91744e-10','-5.07904e-10','6.6517e-12','-1.0637e-11','-1.52755e-12','-5.85112e-12','7.32074e-11','1.65253e-10','0','0','0','0','0','0','0','0','0','0','0','0','0','0','0','0','0','0','0','0','0','0','0','0','0','0','0','0','0','0','0','0','0','0','0','0','0','0','0']

reports.append(Report(579108864, ("DT", -2, 2, 1), "MBwhAst2sec01"))
reports[-1].posNum = 1978
reports[-1].negNum = 0
reports[-1].fittype = "6DOF"
reports[-1].add_parameters(ValErr(-0.000149368, 3.92914e-05, 0), \
                           ValErr(-0.00479747, 0.00196893, 0), \
                           ValErr(-0.00163213, 0.00025533, 0), \
                           ValErr(3.07933e-06, 5.09477e-06, 0), \
                           ValErr(-5.10985e-06, 4.11701e-06, 0), \
                           ValErr(6.3176e-08, 6.17444e-07, 0), \
                           25135.6, 1978, 1978, -nan)
reports[-1].sigmax = ValErr(0.00127552, 1.99758e-05, 0)
reports[-1].sigmay = ValErr(0.0985352, 0.00153524, 0)
reports[-1].sigmadxdz = ValErr(0.000341323, 5.56037e-06, 0)
reports[-1].sigmadydz = ValErr(0, 0, 0)
reports[-1].add_stats(-0.000103515, -0.00676406, -9.27172e-06, 0.00138023, -6.00043e-05, -0.00646545, -1.0838e-05, 0.00119378, -6.00043e-05, -0.00646545, -1.0838e-05, 0.00119378, -6.27986e-05, -0.00616367, -3.17799e-06, 0.00119289, -6.27986e-05, -0.00616367, -3.17799e-06, 0.00119289, 0.00129051, 0.0985563, 0.000341249, 0.0175723, 0.00129051, 0.0985563, 0.000341249, 0.0175723)
reports[-1].CovMatrix = ['1.54381e-09','-4.08468e-10','6.26563e-10','2.11654e-12','9.96216e-11','-6.6013e-12','-8.51468e-12','-4.26225e-10','1.67418e-12','0','0','0','-4.08468e-10','3.87668e-06','-4.79969e-08','-6.57583e-10','1.86769e-10','9.94795e-11','-3.07067e-10','-3.44334e-07','-5.83604e-11','0','0','0','6.26563e-10','-4.79969e-08','6.51936e-08','2.7687e-10','-2.59645e-10','-1.5657e-11','-2.71206e-10','3.77756e-09','-2.58894e-12','0','0','0','2.11654e-12','-6.57583e-10','2.7687e-10','2.59566e-11','-2.58598e-12','-9.23125e-13','-7.75471e-13','5.47139e-11','1.93654e-13','0','0','0','9.96216e-11','1.86769e-10','-2.59645e-10','-2.58598e-12','1.69497e-11','-2.16448e-13','1.67909e-12','-1.16646e-10','3.39965e-13','0','0','0','-6.6013e-12','9.94795e-11','-1.5657e-11','-9.23125e-13','-2.16448e-13','3.81237e-13','-3.4056e-14','1.88224e-11','-6.8767e-15','0','0','0','-8.51468e-12','-3.07067e-10','-2.71206e-10','-7.75471e-13','1.67909e-12','-3.4056e-14','3.99032e-10','-6.70321e-10','-4.50828e-13','0','0','0','-4.26225e-10','-3.44334e-07','3.77756e-09','5.47139e-11','-1.16646e-10','1.88224e-11','-6.70321e-10','2.35696e-06','-6.24853e-12','0','0','0','1.67418e-12','-5.83604e-11','-2.58894e-12','1.93654e-13','3.39965e-13','-6.8767e-15','-4.50828e-13','-6.24853e-12','3.09178e-11','0','0','0','0','0','0','0','0','0','0','0','0','0','0','0','0','0','0','0','0','0','0','0','0','0','0','0','0','0','0','0','0','0','0','0','0','0','0','0']

reports.append(Report(579371008, ("DT", -2, 2, 2), "MBwhAst2sec02"))
reports[-1].posNum = 1889
reports[-1].negNum = 0
reports[-1].fittype = "6DOF"
reports[-1].add_parameters(ValErr(-3.84549e-05, 4.14635e-05, 0), \
                           ValErr(-0.012633, 0.00247944, 0), \
                           ValErr(-0.00101171, 0.000234195, 0), \
                           ValErr(9.27784e-06, 4.76186e-06, 0), \
                           ValErr(-1.32514e-06, 3.92206e-06, 0), \
                           ValErr(5.88769e-07, 6.29103e-07, 0), \
                           23911.1, 1889, 1889, -nan)
reports[-1].sigmax = ValErr(0.00127847, 2.08525e-05, 0)
reports[-1].sigmay = ValErr(0.107349, 0.00173509, 0)
reports[-1].sigmadxdz = ValErr(0.00032845, 5.6496e-06, 0)
reports[-1].sigmadydz = ValErr(0, 0, 0)
reports[-1].add_stats(3.71886e-05, -0.0140668, -1.24473e-05, 0.00240852, 1.23828e-05, -0.0137235, -1.00166e-05, 0.0023799, 1.23828e-05, -0.0137235, -1.00166e-05, 0.0023799, 2.0119e-05, -0.0183195, -2.45414e-06, 0.00332124, 2.0119e-05, -0.0183195, -2.45414e-06, 0.00332124, 0.00128591, 0.107375, 0.000328269, 0.019077, 0.00128591, 0.107375, 0.000328269, 0.019077)
reports[-1].CovMatrix = ['1.71923e-09','-1.3632e-09','1.29536e-09','1.16221e-11','1.06675e-10','-7.70408e-12','1.46214e-11','-5.83197e-10','7.31325e-13','0','0','0','-1.3632e-09','6.14762e-06','-6.91681e-08','-5.70595e-11','2.24223e-10','2.01148e-12','2.88719e-10','2.69314e-08','5.01389e-11','0','0','0','1.29536e-09','-6.91681e-08','5.48472e-08','-4.91402e-11','-1.10284e-10','2.54016e-12','-4.3456e-11','-1.27089e-08','3.29725e-11','0','0','0','1.16221e-11','-5.70595e-11','-4.91402e-11','2.26753e-11','-2.52428e-13','-3.51603e-13','-3.76728e-12','-4.05216e-10','-2.29595e-12','0','0','0','1.06675e-10','2.24223e-10','-1.10284e-10','-2.52428e-13','1.53826e-11','-5.76167e-13','3.18286e-12','1.18748e-10','1.16448e-13','0','0','0','-7.70408e-12','2.01148e-12','2.54016e-12','-3.51603e-13','-5.76167e-13','3.9577e-13','-2.90223e-13','1.51757e-11','-4.13741e-13','0','0','0','1.46214e-11','2.88719e-10','-4.3456e-11','-3.76728e-12','3.18286e-12','-2.90223e-13','4.34825e-10','-3.69791e-11','3.5623e-12','0','0','0','-5.83197e-10','2.69314e-08','-1.27089e-08','-4.05216e-10','1.18748e-10','1.51757e-11','-3.69791e-11','3.01055e-06','2.17831e-10','0','0','0','7.31325e-13','5.01389e-11','3.29725e-11','-2.29595e-12','1.16448e-13','-4.13741e-13','3.5623e-12','2.17831e-10','3.1918e-11','0','0','0','0','0','0','0','0','0','0','0','0','0','0','0','0','0','0','0','0','0','0','0','0','0','0','0','0','0','0','0','0','0','0','0','0','0','0','0']

reports.append(Report(579633152, ("DT", -2, 2, 3), "MBwhAst2sec03"))
reports[-1].posNum = 1639
reports[-1].negNum = 0
reports[-1].fittype = "6DOF"
reports[-1].add_parameters(ValErr(-4.82162e-06, 4.45501e-05, 0), \
                           ValErr(-0.0160992, 0.00254517, 0), \
                           ValErr(-0.00137631, 0.000298422, 0), \
                           ValErr(6.9474e-06, 6.02398e-06, 0), \
                           ValErr(4.06308e-08, 4.47162e-06, 0), \
                           ValErr(-1.17745e-06, 7.13055e-07, 0), \
                           20814.6, 1639, 1639, -nan)
reports[-1].sigmax = ValErr(0.00124876, 2.18118e-05, 0)
reports[-1].sigmay = ValErr(0.102394, 0.00178857, 0)
reports[-1].sigmadxdz = ValErr(0.000338213, 5.90783e-06, 0)
reports[-1].sigmadydz = ValErr(0, 0, 0)
reports[-1].add_stats(1.83713e-06, -0.0169963, 4.60036e-06, 0.00284755, 2.137e-05, -0.0175914, 5.22907e-06, 0.00293868, 2.137e-05, -0.0175914, 5.22907e-06, 0.00293868, 3.43892e-05, -0.0181889, 1.83351e-06, 0.00289512, 3.43892e-05, -0.0181889, 1.83351e-06, 0.00289512, 0.00126156, 0.102393, 0.000338134, 0.0182701, 0.00126156, 0.102393, 0.000338134, 0.0182701)
