nan = None;  NAN = None
nan = 0
reports = []
class ValErr:
    def __init__(self, value, error, antisym):
        self.value, self.error, self.antisym = value, error, antisym

    def __repr__(self):
        if self.antisym == 0.:
            return "%g +- %g" % (self.value, self.error)
        else:
            return "%g +- %g ~ %g" % (self.value, self.error, self.antisym)

class Report:
    def __init__(self, chamberId, postal_address, name):
        self.chamberId, self.postal_address, self.name = chamberId, postal_address, name
        self.status = "NOFIT"
        self.fittype = None
        self.CovMatrix = None

    def add_parameters(self, deltax, deltay, deltaz, deltaphix, deltaphiy, deltaphiz, loglikelihood, numsegments, sumofweights, redchi2):
        self.status = "PASS"
        self.deltax, self.deltay, self.deltaz, self.deltaphix, self.deltaphiy, self.deltaphiz = deltax, deltay, deltaz, deltaphix, deltaphiy, deltaphiz
        self.loglikelihood, self.numsegments, self.sumofweights, self.redchi2 = loglikelihood, numsegments, sumofweights, redchi2

    def add_stats(self, median_x, median_y, median_dxdz, median_dydz, mean30_x, mean30_y, mean20_dxdz, mean50_dydz, mean15_x, mean15_y, mean10_dxdz, mean25_dydz, wmean30_x, wmean30_y, wmean20_dxdz, wmean50_dydz, wmean15_x, wmean15_y, wmean10_dxdz, wmean25_dydz, stdev30_x, stdev30_y, stdev20_dxdz, stdev50_dydz, stdev15_x, stdev15_y, stdev10_dxdz, stdev25_dydz):
        self.median_x, self.median_y, self.median_dxdz, self.median_dydz, self.mean30_x, self.mean30_y, self.mean20_dxdz, self.mean50_dydz, self.mean15_x, self.mean15_y, self.mean10_dxdz, self.mean25_dydz, self.wmean30_x, self.wmean30_y, self.wmean20_dxdz, self.wmean50_dydz, self.wmean15_x, self.wmean15_y, self.wmean10_dxdz, self.wmean25_dydz, self.stdev30_x, self.stdev30_y, self.stdev20_dxdz, self.stdev50_dydz, self.stdev15_x, self.stdev15_y, self.stdev10_dxdz, self.stdev25_dydz = median_x, median_y, median_dxdz, median_dydz, mean30_x, mean30_y, mean20_dxdz, mean50_dydz, mean15_x, mean15_y, mean10_dxdz, mean25_dydz, wmean30_x, wmean30_y, wmean20_dxdz, wmean50_dydz, wmean15_x, wmean15_y, wmean10_dxdz, wmean25_dydz, stdev30_x, stdev30_y, stdev20_dxdz, stdev50_dydz, stdev15_x, stdev15_y, stdev10_dxdz, stdev25_dydz

    def __repr__(self):
        return "<Report %s %s %s>" % (self.postal_address[0], " ".join(map(str, self.postal_address[1:])), self.status)

reports.append(Report(574914560, ("DT", -2, 1, 1), "MBwhAst1sec01"))
reports[-1].posNum = 4
reports[-1].negNum = 0
reports[-1].status = "TOOFEWHITS"

reports.append(Report(575176704, ("DT", -2, 1, 2), "MBwhAst1sec02"))
reports[-1].posNum = 4
reports[-1].negNum = 0
reports[-1].status = "TOOFEWHITS"

reports.append(Report(575438848, ("DT", -2, 1, 3), "MBwhAst1sec03"))
reports[-1].posNum = 3
reports[-1].negNum = 0
reports[-1].status = "TOOFEWHITS"

reports.append(Report(575700992, ("DT", -2, 1, 4), "MBwhAst1sec04"))
reports[-1].posNum = 6
reports[-1].negNum = 0
reports[-1].fittype = "6DOF"
reports[-1].add_parameters(ValErr(-0.0711123, 0.0842129, 0), \
                           ValErr(-0.344436, 1.07142, 0), \
                           ValErr(0.417581, 0.886799, 0), \
                           ValErr(-0.00096283, 0.00282429, 0), \
                           ValErr(-0.000635828, 0.00175616, 0), \
                           ValErr(0.00054677, 0.00124019, 0), \
                           36.6549, 6, 6, -nan)
reports[-1].sigmax = ValErr(0.135891, 0.0507197, 0)
reports[-1].sigmay = ValErr(0.198597, 0.0812353, 0)
reports[-1].sigmadxdz = ValErr(0.00116658, 0.000350369, 0)
reports[-1].sigmadydz = ValErr(0, 0, 0)
reports[-1].add_stats(0.0436397, 0.209889, 0.00022316, 0.00372778, -0.040612, 0.156513, 2.7852e-05, -0.0117238, -0.040612, 0.156513, 2.7852e-05, -0.0117238, -0.0404197, 0.130182, 0.000161705, -0.00923548, -0.0404197, 0.130182, 0.000161705, -0.00923548, 0.150925, 0.179909, 0.00119832, 0.0257102, 0.150925, 0.179909, 0.00119832, 0.0257102)
reports[-1].CovMatrix = ['0.0070918','0.0675724','-0.0560824','0.00014356','6.60255e-05','-4.32954e-05','0.00120958','-0.00247854','4.27368e-06','0','0','0','0.0675724','1.14794','-0.947156','0.00247442','0.00108265','-0.000703124','0.0197395','-0.0412274','7.40336e-05','0','0','0','-0.0560824','-0.947156','0.786412','-0.00208035','-0.000926623','0.000603264','-0.0168889','0.0350889','-6.22072e-05','0','0','0','0.00014356','0.00247442','-0.00208035','7.97664e-06','3.80565e-06','-2.42806e-06','6.734e-05','-0.000139679','2.46184e-07','0','0','0','6.60255e-05','0.00108265','-0.000926623','3.80565e-06','3.0841e-06','-2.07408e-06','5.46387e-05','-9.94935e-05','1.17187e-07','0','0','0','-4.32954e-05','-0.000703124','0.000603264','-2.42806e-06','-2.07408e-06','1.53807e-06','-3.97964e-05','6.80255e-05','-5.89584e-08','0','0','0','0.00120958','0.0197395','-0.0168889','6.734e-05','5.46387e-05','-3.97964e-05','0.00257413','-0.00180188','1.72485e-06','0','0','0','-0.00247854','-0.0412274','0.0350889','-0.000139679','-9.94935e-05','6.80255e-05','-0.00180188','0.00660664','-4.099e-06','0','0','0','4.27368e-06','7.40336e-05','-6.22072e-05','2.46184e-07','1.17187e-07','-5.89584e-08','1.72485e-06','-4.099e-06','1.22802e-07','0','0','0','0','0','0','0','0','0','0','0','0','0','0','0','0','0','0','0','0','0','0','0','0','0','0','0','0','0','0','0','0','0','0','0','0','0','0','0']

reports.append(Report(575963136, ("DT", -2, 1, 5), "MBwhAst1sec05"))
reports[-1].posNum = 9
reports[-1].negNum = 0
reports[-1].fittype = "6DOF"
reports[-1].add_parameters(ValErr(-0.00262205, 0.049063, 0), \
                           ValErr(-0.44218, 0.467049, 0), \
                           ValErr(0.45651, 0.378821, 0), \
                           ValErr(0.000443441, 0.00103649, 0), \
                           ValErr(0.0011115, 0.000659919, 0), \
                           ValErr(9.43661e-05, 0.000522375, 0), \
                           58.4595, 9, 9, -nan)
reports[-1].sigmax = ValErr(0.0886475, 0.021398, 0)
reports[-1].sigmay = ValErr(0.105266, 0.0253697, 0)
reports[-1].sigmadxdz = ValErr(0.00229246, 0.000556849, 0)
reports[-1].sigmadydz = ValErr(0, 0, 0)
reports[-1].add_stats(0.0155613, 0.104007, -0.000139366, -0.0131884, 0.0398483, 0.127697, 0.00104105, -0.0136258, 0.0398483, 0.127697, 0.00104105, -0.0136258, 0.0334032, 0.0916898, 0.000642777, -0.0104394, 0.0334032, 0.0916898, 0.000642777, -0.0104394, 0.0969088, 0.130141, 0.00227908, 0.0107941, 0.0969088, 0.130141, 0.00227908, 0.0107941)
reports[-1].CovMatrix = ['0.00240718','0.0182646','-0.0148574','2.77338e-05','-2.51228e-06','7.49144e-06','7.04912e-05','-0.000104795','2.78026e-06','0','0','0','0.0182646','0.218134','-0.176422','0.000311382','-2.98939e-05','7.47226e-05','0.000857125','-0.00119646','3.11283e-05','0','0','0','-0.0148574','-0.176422','0.143506','-0.000257434','2.59671e-05','-6.21101e-05','-0.00069311','0.000980737','-2.57307e-05','0','0','0','2.77338e-05','0.000311382','-0.000257434','1.07431e-06','-9.31558e-08','1.96369e-07','5.42441e-07','-2.23878e-06','6.83612e-08','0','0','0','-2.51228e-06','-2.98939e-05','2.59671e-05','-9.31558e-08','4.35493e-07','-1.27247e-07','1.22065e-06','-2.36491e-06','1.36031e-08','0','0','0','7.49144e-06','7.47226e-05','-6.21101e-05','1.96369e-07','-1.27247e-07','2.72876e-07','-1.12171e-06','5.24078e-07','2.83115e-08','0','0','0','7.04912e-05','0.000857125','-0.00069311','5.42441e-07','1.22065e-06','-1.12171e-06','0.000457953','-1.56019e-05','4.43938e-07','0','0','0','-0.000104795','-0.00119646','0.000980737','-2.23878e-06','-2.36491e-06','5.24078e-07','-1.56019e-05','0.000643756','-3.70038e-07','0','0','0','2.78026e-06','3.11283e-05','-2.57307e-05','6.83612e-08','1.36031e-08','2.83115e-08','4.43938e-07','-3.70038e-07','3.10225e-07','0','0','0','0','0','0','0','0','0','0','0','0','0','0','0','0','0','0','0','0','0','0','0','0','0','0','0','0','0','0','0','0','0','0','0','0','0','0','0']

reports.append(Report(576225280, ("DT", -2, 1, 6), "MBwhAst1sec06"))
reports[-1].posNum = 6
reports[-1].negNum = 0
reports[-1].fittype = "6DOF"
reports[-1].add_parameters(ValErr(-0.0676594, 0.0441677, 0), \
                           ValErr(-0.201907, 0.533996, 0), \
                           ValErr(0.238426, 0.413862, 0), \
                           ValErr(-0.000221293, 0.00207308, 0), \
                           ValErr(-0.000805597, 0.00112853, 0), \
                           ValErr(-0.000279402, 0.00104553, 0), \
                           38.8836, 6, 6, -nan)
reports[-1].sigmax = ValErr(0.074246, 0.0283326, 0)
reports[-1].sigmay = ValErr(0.151822, 0.0599794, 0)
reports[-1].sigmadxdz = ValErr(0.00192656, 0.000582584, 0)
reports[-1].sigmadydz = ValErr(0, 0, 0)
reports[-1].add_stats(-0.000514029, 0.171796, 0.000254251, -0.00896283, -0.0439088, 0.0774915, -0.000763644, -0.0179788, -0.0439088, 0.0774915, -0.000763644, -0.0179788, -0.0378326, 0.107722, -0.00059813, -0.0194147, -0.0378326, 0.107722, -0.00059813, -0.0194147, 0.0839835, 0.159014, 0.00188131, 0.0217834, 0.0839835, 0.159014, 0.00188131, 0.0217834)
reports[-1].CovMatrix = ['0.00195078','0.015346','-0.0120719','4.63772e-05','-1.59278e-05','1.94865e-05','0.000355878','-0.000777942','7.53152e-07','0','0','0','0.015346','0.285152','-0.21906','0.000923865','-0.000409911','0.000478931','0.00844755','-0.0181062','1.23836e-05','0','0','0','-0.0120719','-0.21906','0.171281','-0.000690006','0.000303915','-0.000364675','-0.00640766','0.0135557','-7.10386e-06','0','0','0','4.63772e-05','0.000923865','-0.000690006','4.29764e-06','-1.9068e-06','1.90727e-06','3.49109e-05','-8.14563e-05','1.34845e-07','0','0','0','-1.59278e-05','-0.000409911','0.000303915','-1.9068e-06','1.27359e-06','-9.13024e-07','-1.57462e-05','4.24249e-05','-1.3257e-07','0','0','0','1.94865e-05','0.000478931','-0.000364675','1.90727e-06','-9.13024e-07','1.09313e-06','1.92838e-05','-4.02744e-05','1.4289e-08','0','0','0','0.000355878','0.00844755','-0.00640766','3.49109e-05','-1.57462e-05','1.92838e-05','0.000803025','-0.000716124','2.35524e-07','0','0','0','-0.000777942','-0.0181062','0.0135557','-8.14563e-05','4.24249e-05','-4.02744e-05','-0.000716124','0.00360042','-2.86772e-06','0','0','0','7.53152e-07','1.23836e-05','-7.10386e-06','1.34845e-07','-1.3257e-07','1.4289e-08','2.35524e-07','-2.86772e-06','3.39608e-07','0','0','0','0','0','0','0','0','0','0','0','0','0','0','0','0','0','0','0','0','0','0','0','0','0','0','0','0','0','0','0','0','0','0','0','0','0','0','0']

reports.append(Report(576487424, ("DT", -2, 1, 7), "MBwhAst1sec07"))
reports[-1].posNum = 1
reports[-1].negNum = 0
reports[-1].status = "TOOFEWHITS"

reports.append(Report(576749568, ("DT", -2, 1, 8), "MBwhAst1sec08"))
reports[-1].posNum = 4
reports[-1].negNum = 0
reports[-1].status = "TOOFEWHITS"

reports.append(Report(577011712, ("DT", -2, 1, 9), "MBwhAst1sec09"))
reports[-1].posNum = 2
reports[-1].negNum = 0
reports[-1].status = "TOOFEWHITS"

reports.append(Report(577273856, ("DT", -2, 1, 10), "MBwhAst1sec10"))
reports[-1].posNum = 1
reports[-1].negNum = 0
reports[-1].status = "TOOFEWHITS"

reports.append(Report(577536000, ("DT", -2, 1, 11), "MBwhAst1sec11"))
reports[-1].posNum = 1
reports[-1].negNum = 0
reports[-1].status = "TOOFEWHITS"

reports.append(Report(577798144, ("DT", -2, 1, 12), "MBwhAst1sec12"))
reports[-1].posNum = 5
reports[-1].negNum = 0
reports[-1].fittype = "6DOF"
reports[-1].add_parameters(ValErr(0.219182, 0.0358892, 0), \
                           ValErr(2.68766, 0.385127, 0), \
                           ValErr(-2.19107, 0.314241, 0), \
                           ValErr(0.00644784, 0.000865102, 0), \
                           ValErr(-9.24851e-05, 0.0006256, 0), \
                           ValErr(0.00116914, 0.000476178, 0), \
                           34.4927, 5, 5, -nan)
reports[-1].sigmax = ValErr(0.063798, 0.0219894, 0)
reports[-1].sigmay = ValErr(0.0938934, 0.0254652, 0)
reports[-1].sigmadxdz = ValErr(0.00238828, 0.00070766, 0)
reports[-1].sigmadydz = ValErr(0, 0, 0)
reports[-1].add_stats(-0.00344267, -0.0631757, -0.000371965, 0.00115499, 0.0581099, 0.0317224, 0.000154275, -0.00366817, 0.0581099, 0.0317224, 0.000154275, -0.00366817, 0.0800108, 0.00153235, 0.000368476, -0.00113224, 0.0800108, 0.00153235, 0.000368476, -0.00113224, 0.19944, 0.197935, 0.0028665, 0.0170205, 0.19944, 0.197935, 0.0028665, 0.0170205)
reports[-1].CovMatrix = ['0.00128803','0.00807121','-0.00663472','1.22886e-05','3.67685e-06','3.17232e-06','9.33636e-06','-2.79944e-05','6.35208e-07','0','0','0','0.00807121','0.148323','-0.120287','0.000215768','4.37826e-05','4.1906e-05','-6.2737e-05','-0.00102449','-5.15051e-06','0','0','0','-0.00663472','-0.120287','0.0987475','-0.000179322','-4.10479e-05','-3.35049e-05','9.07858e-05','0.00101408','2.73721e-06','0','0','0','1.22886e-05','0.000215768','-0.000179322','7.48401e-07','4.83279e-08','8.87938e-08','-8.52941e-07','-2.81266e-06','-4.81659e-08','0','0','0','3.67685e-06','4.37826e-05','-4.10479e-05','4.83279e-08','3.91376e-07','-6.64875e-09','-8.92219e-07','-1.3595e-06','5.19266e-08','0','0','0','3.17232e-06','4.1906e-05','-3.35049e-05','8.87938e-08','-6.64875e-09','2.26745e-07','3.90362e-06','1.09862e-06','4.5504e-08','0','0','0','9.33636e-06','-6.2737e-05','9.07858e-05','-8.52941e-07','-8.92219e-07','3.90362e-06','0.000483655','3.94846e-05','1.27169e-06','0','0','0','-2.79944e-05','-0.00102449','0.00101408','-2.81266e-06','-1.3595e-06','1.09862e-06','3.94846e-05','0.000648629','4.33365e-07','0','0','0','6.35208e-07','-5.15051e-06','2.73721e-06','-4.81659e-08','5.19266e-08','4.5504e-08','1.27169e-06','4.33365e-07','5.01141e-07','0','0','0','0','0','0','0','0','0','0','0','0','0','0','0','0','0','0','0','0','0','0','0','0','0','0','0','0','0','0','0','0','0','0','0','0','0','0','0']

reports.append(Report(579108864, ("DT", -2, 2, 1), "MBwhAst2sec01"))
reports[-1].posNum = 4
reports[-1].negNum = 0
reports[-1].status = "TOOFEWHITS"

reports.append(Report(579371008, ("DT", -2, 2, 2), "MBwhAst2sec02"))
reports[-1].posNum = 5
reports[-1].negNum = 0
reports[-1].fittype = "6DOF"
reports[-1].add_parameters(ValErr(0.0393656, 0.0940724, 0), \
                           ValErr(-1.16287, 0.826736, 0), \
                           ValErr(1.16124, 0.839928, 0), \
                           ValErr(-0.00271058, 0.00243561, 0), \
                           ValErr(-0.00114039, 0.00119067, 0), \
                           ValErr(-0.000107664, 0.0011589, 0), \
                           31.1216, 5, 5, -nan)
reports[-1].sigmax = ValErr(0.0799311, 0.03323, 0)
reports[-1].sigmay = ValErr(0.122968, 0.0455607, 0)
reports[-1].sigmadxdz = ValErr(0.00285335, 0.00101407, 0)
reports[-1].sigmadydz = ValErr(0, 0, 0)
reports[-1].add_stats(-0.0762736, -0.00951567, -8.62468e-05, 0.00310336, -0.100743, -0.000774679, -0.000717976, 0.00798804, -0.100743, -0.000774679, -0.000717976, 0.00798804, -0.0973857, 0.0698406, -0.000124197, 0.00249836, -0.0973857, 0.0698406, -0.000124197, 0.00249836, 0.113788, 0.140875, 0.00282769, 0.0107361, 0.113788, 0.140875, 0.00282769, 0.0107361)
reports[-1].CovMatrix = ['0.00884961','-0.0711856','0.0719315','-0.000174103','-1.45646e-05','6.76197e-05','0.00131797','-0.00114634','-2.01832e-05','0','0','0','-0.0711856','0.683492','-0.691641','0.00171431','0.000182864','-0.000723959','-0.0139858','0.0124581','0.000208048','0','0','0','0.0719315','-0.691641','0.705479','-0.00176272','-0.000235486','0.000758407','0.0146289','-0.0135693','-0.00020509','0','0','0','-0.000174103','0.00171431','-0.00176272','5.93218e-06','1.08964e-06','-2.32911e-06','-4.16811e-05','4.13432e-05','5.23531e-07','0','0','0','-1.45646e-05','0.000182864','-0.000235486','1.08964e-06','1.41769e-06','-3.76759e-07','-6.55096e-06','2.2037e-05','-2.77441e-07','0','0','0','6.76197e-05','-0.000723959','0.000758407','-2.32911e-06','-3.76759e-07','1.34305e-06','2.48571e-05','-2.19731e-05','-3.73979e-07','0','0','0','0.00131797','-0.0139858','0.0146289','-4.16811e-05','-6.55096e-06','2.48571e-05','0.00110475','-0.000410853','-7.04304e-06','0','0','0','-0.00114634','0.0124581','-0.0135693','4.13432e-05','2.2037e-05','-2.19731e-05','-0.000410853','0.00207696','1.49026e-06','0','0','0','-2.01832e-05','0.000208048','-0.00020509','5.23531e-07','-2.77441e-07','-3.73979e-07','-7.04304e-06','1.49026e-06','1.02961e-06','0','0','0','0','0','0','0','0','0','0','0','0','0','0','0','0','0','0','0','0','0','0','0','0','0','0','0','0','0','0','0','0','0','0','0','0','0','0','0']

reports.append(Report(579633152, ("DT", -2, 2, 3), "MBwhAst2sec03"))
reports[-1].posNum = 4
reports[-1].negNum = 0
reports[-1].status = "TOOFEWHITS"

reports.append(Report(579895296, ("DT", -2, 2, 4), "MBwhAst2sec04"))
reports[-1].posNum = 4
reports[-1].negNum = 0
reports[-1].status = "TOOFEWHITS"

reports.append(Report(580157440, ("DT", -2, 2, 5), "MBwhAst2sec05"))
reports[-1].posNum = 1
reports[-1].negNum = 0
reports[-1].status = "TOOFEWHITS"

reports.append(Report(580419584, ("DT", -2, 2, 6), "MBwhAst2sec06"))
reports[-1].posNum = 9
reports[-1].negNum = 0
reports[-1].fittype = "6DOF"
reports[-1].add_parameters(ValErr(-0.00150598, 0.000923983, 0), \
                           ValErr(0.00797928, 0.0471274, 0), \
                           ValErr(-0.0119528, 0.00732245, 0), \
                           ValErr(-0.000318801, 0.000150592, 0), \
                           ValErr(-0.000174052, 8.45463e-05, 0), \
                           ValErr(2.65961e-07, 1.49283e-05, 0), \
                           106.662, 9, 9, -nan)
reports[-1].sigmax = ValErr(0.00119193, 0.000282615, 0)
reports[-1].sigmay = ValErr(0.140439, 0.0325982, 0)
reports[-1].sigmadxdz = ValErr(0.000603396, 0.000142663, 0)
reports[-1].sigmadydz = ValErr(0, 0, 0)
reports[-1].add_stats(-0.000910762, 0.0466144, 0.00013655, -0.00738759, -0.000602062, 0.00971541, -0.00014402, -0.000692509, -0.000602062, 0.00971541, -0.00014402, -0.000692509, -0.000228069, 0.0407905, -4.13338e-05, -0.00580715, -0.000228069, 0.0407905, -4.13338e-05, -0.00580715, 0.00172333, 0.143941, 0.000594516, 0.0245749, 0.00172333, 0.143941, 0.000594516, 0.0245749)
reports[-1].CovMatrix = ['8.53745e-07','1.55666e-06','-2.69872e-06','-4.19026e-08','4.53104e-08','-1.01855e-08','2.0637e-08','2.29246e-06','-9.29922e-10','0','0','0','1.55666e-06','0.00222099','-1.59965e-05','6.30314e-08','2.59186e-07','-1.04235e-08','2.35178e-08','1.39119e-05','4.00611e-08','0','0','0','-2.69872e-06','-1.59965e-05','5.36182e-05','9.19293e-07','-1.71682e-07','3.98892e-08','-1.82316e-07','-2.6082e-05','-1.36307e-08','0','0','0','-4.19026e-08','6.30314e-08','9.19293e-07','2.26779e-08','-8.94731e-11','7.38734e-10','-3.19278e-09','-5.22044e-07','-4.06356e-10','0','0','0','4.53104e-08','2.59186e-07','-1.71682e-07','-8.94731e-11','7.14808e-09','-1.36752e-10','2.29486e-09','1.84771e-07','-3.12567e-10','0','0','0','-1.01855e-08','-1.04235e-08','3.98892e-08','7.38734e-10','-1.36752e-10','2.22855e-10','-1.54384e-10','-2.32159e-08','-1.58542e-11','0','0','0','2.0637e-08','2.35178e-08','-1.82316e-07','-3.19278e-09','2.29486e-09','-1.54384e-10','7.98716e-08','1.48023e-07','-1.02552e-10','0','0','0','2.29246e-06','1.39119e-05','-2.6082e-05','-5.22044e-07','1.84771e-07','-2.32159e-08','1.48023e-07','0.00106291','-5.05187e-09','0','0','0','-9.29922e-10','4.00611e-08','-1.36307e-08','-4.06356e-10','-3.12567e-10','-1.58542e-11','-1.02552e-10','-5.05187e-09','2.03551e-08','0','0','0','0','0','0','0','0','0','0','0','0','0','0','0','0','0','0','0','0','0','0','0','0','0','0','0','0','0','0','0','0','0','0','0','0','0','0','0']

reports.append(Report(580681728, ("DT", -2, 2, 7), "MBwhAst2sec07"))
reports[-1].posNum = 8
reports[-1].negNum = 0
reports[-1].fittype = "6DOF"
reports[-1].add_parameters(ValErr(-0.00087935, 0.000389249, 0), \
                           ValErr(0.0227549, 0.014207, 0), \
                           ValErr(-0.013173, 0.00411245, 0), \
                           ValErr(-0.000281748, 6.00789e-05, 0), \
                           ValErr(0.000153903, 9.53313e-05, 0), \
                           ValErr(2.08333e-05, 5.75971e-06, 0), \
                           108.907, 8, 8, -nan)
reports[-1].sigmax = ValErr(0.000716002, 0.000201461, 0)
reports[-1].sigmay = ValErr(0.0391777, 0.0098666, 0)
reports[-1].sigmadxdz = ValErr(0.000618181, 0.000166968, 0)
reports[-1].sigmadydz = ValErr(0, 0, 0)
reports[-1].add_stats(-5.32553e-05, 0.0269582, -0.000275426, 0.00287324, -0.000886291, 0.0037705, -0.000241123, 0.000268765, -0.000886291, 0.0037705, -0.000241123, 0.000268765, -0.000376958, 0.00449216, -0.000430789, -0.000128944, -0.000376958, 0.00449216, -0.000430789, -0.000128944, 0.00186842, 0.0451996, 0.000456979, 0.0101223, 0.00186842, 0.0451996, 0.000456979, 0.0101223)
reports[-1].CovMatrix = ['1.51514e-07','8.55005e-07','-6.37709e-07','2.40688e-09','2.62386e-08','3.38914e-10','-2.06183e-08','-1.14126e-07','1.82346e-08','0','0','0','8.55005e-07','0.00020184','-1.72535e-05','-1.94304e-09','2.97279e-07','7.77807e-09','-3.33728e-07','-2.99326e-06','1.4057e-07','0','0','0','-6.37709e-07','-1.72535e-05','1.69122e-05','-5.60281e-08','-2.68021e-07','-3.4277e-09','2.41113e-07','1.77194e-06','-1.7521e-07','0','0','0','2.40688e-09','-1.94304e-09','-5.60281e-08','3.60947e-09','4.46163e-10','-1.698e-10','-2.76632e-10','-4.18486e-08','2.13052e-10','0','0','0','2.62386e-08','2.97279e-07','-2.68021e-07','4.46163e-10','9.08806e-09','7.35312e-11','-5.89816e-09','-4.06416e-08','6.14871e-09','0','0','0','3.38914e-10','7.77807e-09','-3.4277e-09','-1.698e-10','7.35312e-11','3.31743e-11','-8.1388e-11','1.85725e-09','7.10819e-11','0','0','0','-2.06183e-08','-3.33728e-07','2.41113e-07','-2.76632e-10','-5.89816e-09','-8.1388e-11','4.05865e-08','2.14117e-08','-4.0743e-09','0','0','0','-1.14126e-07','-2.99326e-06','1.77194e-06','-4.18486e-08','-4.06416e-08','1.85725e-09','2.14117e-08','9.73578e-05','-2.86582e-08','0','0','0','1.82346e-08','1.4057e-07','-1.7521e-07','2.13052e-10','6.14871e-09','7.10819e-11','-4.0743e-09','-2.86582e-08','2.78825e-08','0','0','0','0','0','0','0','0','0','0','0','0','0','0','0','0','0','0','0','0','0','0','0','0','0','0','0','0','0','0','0','0','0','0','0','0','0','0','0']

reports.append(Report(580943872, ("DT", -2, 2, 8), "MBwhAst2sec08"))
reports[-1].posNum = 7
reports[-1].negNum = 0
reports[-1].fittype = "6DOF"
reports[-1].add_parameters(ValErr(-0.0405999, 0.0240482, 0), \
                           ValErr(0.347431, 0.219031, 0), \
                           ValErr(-0.254364, 0.124051, 0), \
                           ValErr(-0.000797492, 0.000865696, 0), \
                           ValErr(-8.34177e-05, 0.0005066, 0), \
                           ValErr(0.000402832, 0.000507831, 0), \
                           53.7043, 7, 7, -nan)
reports[-1].sigmax = ValErr(0.0404268, 0.011224, 0)
reports[-1].sigmay = ValErr(0.479554, 0.130246, 0)
reports[-1].sigmadxdz = ValErr(0.000340196, 9.13802e-05, 0)
reports[-1].sigmadydz = ValErr(0, 0, 0)
reports[-1].add_stats(-0.000485422, -0.0210488, 0.00019547, 0.0285269, -0.0194567, 0.106894, 0.000273746, 0.0161549, -0.0194567, 0.106894, 0.000273746, 0.0161549, -0.039745, 0.355596, 0.000354106, 0.0124666, -0.039745, 0.355596, 0.000354106, 0.0124666, 0.0487515, 0.492967, 0.000360999, 0.0270443, 0.0487515, 0.492967, 0.000360999, 0.0270443)
reports[-1].CovMatrix = ['0.000578315','-0.00156002','0.0015975','4.05142e-06','8.80734e-06','-9.10011e-06','-5.19896e-05','0.000416237','1.48836e-07','0','0','0','-0.00156002','0.0479745','-0.0151217','-8.38149e-06','-2.98212e-05','3.13021e-05','0.000171865','-0.00131247','-5.1374e-07','0','0','0','0.0015975','-0.0151217','0.0153886','2.23916e-05','2.92392e-05','-3.14614e-05','-0.000164664','0.00132013','4.74441e-07','0','0','0','4.05142e-06','-8.38149e-06','2.23916e-05','7.4943e-07','2.67406e-08','-6.5069e-08','3.71507e-08','1.2151e-06','-1.06632e-09','0','0','0','8.80734e-06','-2.98212e-05','2.92392e-05','2.67406e-08','2.56644e-07','-2.48321e-07','-1.53467e-06','1.19626e-05','4.5444e-09','0','0','0','-9.10011e-06','3.13021e-05','-3.14614e-05','-6.5069e-08','-2.48321e-07','2.57892e-07','1.50348e-06','-1.19324e-05','-4.29163e-09','0','0','0','-5.19896e-05','0.000171865','-0.000164664','3.71507e-08','-1.53467e-06','1.50348e-06','0.000125991','-7.22835e-05','-2.75353e-08','0','0','0','0.000416237','-0.00131247','0.00132013','1.2151e-06','1.19626e-05','-1.19324e-05','-7.22835e-05','0.016985','2.1132e-07','0','0','0','1.48836e-07','-5.1374e-07','4.74441e-07','-1.06632e-09','4.5444e-09','-4.29163e-09','-2.75353e-08','2.1132e-07','8.35103e-09','0','0','0','0','0','0','0','0','0','0','0','0','0','0','0','0','0','0','0','0','0','0','0','0','0','0','0','0','0','0','0','0','0','0','0','0','0','0','0']

reports.append(Report(581206016, ("DT", -2, 2, 9), "MBwhAst2sec09"))
reports[-1].posNum = 10
reports[-1].negNum = 0
reports[-1].fittype = "6DOF"
reports[-1].add_parameters(ValErr(-0.00185496, 0.038212, 0), \
                           ValErr(-0.285856, 0.304907, 0), \
                           ValErr(0.289936, 0.266877, 0), \
                           ValErr(-0.000230824, 0.00240746, 0), \
                           ValErr(0.000815089, 0.000815203, 0), \
                           ValErr(1.17004e-05, 0.000652009, 0), \
                           50.0927, 10, 10, -nan)
reports[-1].sigmax = ValErr(0.108929, 0.0252368, 0)
reports[-1].sigmay = ValErr(0.333378, 0.0770107, 0)
reports[-1].sigmadxdz = ValErr(0.00260527, 0.000598846, 0)
reports[-1].sigmadydz = ValErr(0, 0, 0)
reports[-1].add_stats(-6.29427e-05, -0.00285081, 0.00111359, -0.00413161, 0.00121326, -0.0222763, 0.00128936, -0.00256538, 0.00121326, -0.0222763, 0.00128936, -0.00256538, -0.0580228, -0.018687, 0.0016009, -0.0160384, -0.0580228, -0.018687, 0.0016009, -0.0160384, 0.114553, 0.324628, 0.00257435, 0.0252599, 0.114553, 0.324628, 0.00257435, 0.0252599)
reports[-1].CovMatrix = ['0.00146016','0.0039842','-0.00321478','4.4924e-06','9.60062e-06','-5.98729e-06','-4.40975e-05','0.000216774','-6.0833e-07','0','0','0','0.0039842','0.0929682','-0.0749479','0.000105273','6.29567e-05','-4.23392e-05','-0.00031989','0.00121886','-1.72274e-06','0','0','0','-0.00321478','-0.0749479','0.0712232','-6.69961e-05','-2.28181e-05','1.4193e-05','0.000100576','-0.00032861','1.31439e-07','0','0','0','4.4924e-06','0.000105273','-6.69961e-05','5.79585e-06','2.38367e-07','-9.72302e-09','1.101e-06','-1.5396e-05','9.6074e-08','0','0','0','9.60062e-06','6.29567e-05','-2.28181e-05','2.38367e-07','6.64555e-07','-2.31231e-07','-1.10798e-06','1.28504e-05','-7.29305e-08','0','0','0','-5.98729e-06','-4.23392e-05','1.4193e-05','-9.72302e-09','-2.31231e-07','4.25115e-07','4.16852e-06','-9.21445e-06','-2.76888e-08','0','0','0','-4.40975e-05','-0.00031989','0.000100576','1.101e-06','-1.10798e-06','4.16852e-06','0.000637024','-7.58042e-05','-4.44561e-07','0','0','0','0.000216774','0.00121886','-0.00032861','-1.5396e-05','1.28504e-05','-9.21445e-06','-7.58042e-05','0.00593429','-1.12534e-06','0','0','0','-6.0833e-07','-1.72274e-06','1.31439e-07','9.6074e-08','-7.29305e-08','-2.76888e-08','-4.44561e-07','-1.12534e-06','3.58786e-07','0','0','0','0','0','0','0','0','0','0','0','0','0','0','0','0','0','0','0','0','0','0','0','0','0','0','0','0','0','0','0','0','0','0','0','0','0','0','0']

reports.append(Report(581468160, ("DT", -2, 2, 10), "MBwhAst2sec10"))
reports[-1].posNum = 3
reports[-1].negNum = 0
reports[-1].status = "TOOFEWHITS"

reports.append(Report(581730304, ("DT", -2, 2, 11), "MBwhAst2sec11"))
reports[-1].posNum = 2
reports[-1].negNum = 0
reports[-1].status = "TOOFEWHITS"

reports.append(Report(581992448, ("DT", -2, 2, 12), "MBwhAst2sec12"))
reports[-1].posNum = 8
reports[-1].negNum = 0
reports[-1].fittype = "6DOF"
reports[-1].add_parameters(ValErr(-0.00434413, 0.00460936, 0), \
                           ValErr(0.0137219, 0.0620321, 0), \
                           ValErr(-0.0180648, 0.031485, 0), \
                           ValErr(0.00093698, 0.000825038, 0), \
                           ValErr(1.3652e-05, 0.000244001, 0), \
                           ValErr(1.18075e-05, 0.000116621, 0), \
                           78.4409, 8, 8, -nan)
reports[-1].sigmax = ValErr(0.00999671, 0.00274725, 0)
reports[-1].sigmay = ValErr(0.134197, 0.0342779, 0)
reports[-1].sigmadxdz = ValErr(0.000582439, 0.000152314, 0)
reports[-1].sigmadydz = ValErr(0, 0, 0)
reports[-1].add_stats(-0.000437737, 0.0912493, -3.56337e-05, -0.0034086, -0.00384273, -0.0175311, 0.000129697, 0.000245019, -0.00384273, -0.0175311, 0.000129697, 0.000245019, -0.000934702, 0.0490243, -0.000201201, -0.0106089, -0.000934702, 0.0490243, -0.000201201, -0.0106089, 0.00970782, 0.145598, 0.00061066, 0.0237907, 0.00970782, 0.145598, 0.00061066, 0.0237907)
reports[-1].CovMatrix = ['2.12462e-05','5.82946e-05','-2.52868e-05','6.06815e-07','6.3021e-07','-3.11634e-07','1.65253e-06','3.58147e-06','-7.97769e-08','0','0','0','5.82946e-05','0.00384798','-0.00116127','1.85591e-05','4.04994e-06','-2.29915e-06','2.49483e-05','0.00013','-8.75761e-07','0','0','0','-2.52868e-05','-0.00116127','0.000991304','-6.90065e-06','-1.40252e-06','9.56657e-07','-7.72705e-06','-3.72192e-05','2.88951e-07','0','0','0','6.06815e-07','1.85591e-05','-6.90065e-06','6.80687e-07','4.67217e-08','-3.88977e-08','7.99144e-07','5.8084e-06','-2.11522e-08','0','0','0','6.3021e-07','4.04994e-06','-1.40252e-06','4.67217e-08','5.95366e-08','-1.72387e-08','1.82495e-07','2.81543e-07','-9.34442e-09','0','0','0','-3.11634e-07','-2.29915e-06','9.56657e-07','-3.88977e-08','-1.72387e-08','1.36005e-08','-5.4505e-08','-2.8428e-07','1.93565e-09','0','0','0','1.65253e-06','2.49483e-05','-7.72705e-06','7.99144e-07','1.82495e-07','-5.4505e-08','7.54755e-06','6.63987e-06','-4.68932e-08','0','0','0','3.58147e-06','0.00013','-3.72192e-05','5.8084e-06','2.81543e-07','-2.8428e-07','6.63987e-06','0.00117532','-1.67077e-07','0','0','0','-7.97769e-08','-8.75761e-07','2.88951e-07','-2.11522e-08','-9.34442e-09','1.93565e-09','-4.68932e-08','-1.67077e-07','2.32025e-08','0','0','0','0','0','0','0','0','0','0','0','0','0','0','0','0','0','0','0','0','0','0','0','0','0','0','0','0','0','0','0','0','0','0','0','0','0','0','0']

reports.append(Report(583303168, ("DT", -2, 3, 1), "MBwhAst3sec01"))
reports[-1].posNum = 1
reports[-1].negNum = 0
reports[-1].status = "TOOFEWHITS"

reports.append(Report(583565312, ("DT", -2, 3, 2), "MBwhAst3sec02"))
reports[-1].posNum = 5
reports[-1].negNum = 0
reports[-1].fittype = "6DOF"
reports[-1].add_parameters(ValErr(0.0441862, 0.0567147, 0), \
                           ValErr(-0.239016, 0.492364, 0), \
                           ValErr(0.168074, 0.515907, 0), \
                           ValErr(0.00263531, 0.00337579, 0), \
                           ValErr(0.00109293, 0.000939898, 0), \
                           ValErr(-0.00142752, 0.000986259, 0), \
                           29.9771, 5, 5, -nan)
reports[-1].sigmax = ValErr(0.0978188, 0.0322108, 0)
reports[-1].sigmay = ValErr(0.348636, 0.11165, 0)
reports[-1].sigmadxdz = ValErr(0.00103398, 0.000329866, 0)
reports[-1].sigmadydz = ValErr(0, 0, 0)
reports[-1].add_stats(0.00034371, -0.0139054, 0.000146277, 0.0154184, 0.0232719, 0.079763, 5.20249e-05, 0.0160236, 0.0232719, 0.079763, 5.20249e-05, 0.0160236, 0.0372616, 0.157771, 0.000195105, 0.0166111, 0.0372616, 0.157771, 0.000195105, 0.0166111, 0.118986, 0.374137, 0.00099865, 0.0222604, 0.118986, 0.374137, 0.00099865, 0.0222604)
reports[-1].CovMatrix = ['0.00321655','-0.0167147','0.0183006','-7.78588e-06','7.25923e-06','-7.56936e-06','-4.35133e-05','4.96799e-05','3.51157e-07','0','0','0','-0.0167147','0.242423','-0.233078','0.000156537','-0.000128074','0.000146738','0.00106791','-0.00147944','-7.03891e-06','0','0','0','0.0183006','-0.233078','0.26616','-0.000243899','2.88673e-05','-3.81601e-05','-4.96079e-05','-0.000704484','2.86166e-06','0','0','0','-7.78588e-06','0.000156537','-0.000243899','1.13959e-05','-4.25139e-07','-3.77898e-07','2.51584e-06','-3.18138e-07','-2.53392e-08','0','0','0','7.25923e-06','-0.000128074','2.88673e-05','-4.25139e-07','8.83409e-07','-7.82638e-07','-7.58506e-06','1.61192e-05','3.23621e-08','0','0','0','-7.56936e-06','0.000146738','-3.81601e-05','-3.77898e-07','-7.82638e-07','9.72707e-07','8.71007e-06','-1.7098e-05','-4.10526e-08','0','0','0','-4.35133e-05','0.00106791','-4.96079e-05','2.51584e-06','-7.58506e-06','8.71007e-06','0.00103791','-0.000160731','-3.86106e-07','0','0','0','4.96799e-05','-0.00147944','-0.000704484','-3.18138e-07','1.61192e-05','-1.7098e-05','-0.000160731','0.0124812','7.16197e-07','0','0','0','3.51157e-07','-7.03891e-06','2.86166e-06','-2.53392e-08','3.23621e-08','-4.10526e-08','-3.86106e-07','7.16197e-07','1.0885e-07','0','0','0','0','0','0','0','0','0','0','0','0','0','0','0','0','0','0','0','0','0','0','0','0','0','0','0','0','0','0','0','0','0','0','0','0','0','0','0']

reports.append(Report(583827456, ("DT", -2, 3, 3), "MBwhAst3sec03"))
reports[-1].posNum = 10
reports[-1].negNum = 0
reports[-1].fittype = "6DOF"
reports[-1].add_parameters(ValErr(-0.0462998, 0.0293255, 0), \
                           ValErr(0.0755063, 0.0443343, 0), \
                           ValErr(0.0764433, 0.04786, 0), \
                           ValErr(0.00358495, 0.000413463, 0), \
                           ValErr(0.000447276, 0.00029581, 0), \
                           ValErr(0.000894319, 0.000249731, 0), \
                           76.632, 10, 10, -nan)
reports[-1].sigmax = ValErr(0.0908849, 0.0192231, 0)
reports[-1].sigmay = ValErr(0.049709, 0.0107564, 0)
reports[-1].sigmadxdz = ValErr(0.00147366, 0.000334852, 0)
reports[-1].sigmadydz = ValErr(0, 0, 0)
reports[-1].add_stats(0.00050284, 0.133626, 0.000454633, 0.00464109, -0.0417629, 0.139544, 0.000847287, 0.000117371, -0.0417629, 0.139544, 0.000847287, 0.000117371, -0.0204561, 0.13376, 0.000439361, 0.00491282, -0.0204561, 0.13376, 0.000439361, 0.00491282, 0.101697, 0.161817, 0.00138537, 0.0231289, 0.101697, 0.161817, 0.00138537, 0.0231289)
reports[-1].CovMatrix = ['0.000859985','-8.83298e-05','0.000109892','2.22902e-07','3.36861e-07','6.23992e-08','5.64077e-05','-2.21571e-05','-5.93714e-07','0','0','0','-8.83298e-05','0.00196553','-0.00198688','7.1116e-06','-7.36783e-07','-1.53311e-06','6.39399e-05','-7.55191e-06','-1.96551e-06','0','0','0','0.000109892','-0.00198688','0.00229058','-7.39701e-06','1.36038e-06','1.41716e-06','-4.80961e-05','2.98134e-07','2.3329e-06','0','0','0','2.22902e-07','7.1116e-06','-7.39701e-06','1.70952e-07','1.71432e-08','5.75612e-09','8.30584e-08','-3.85883e-07','4.33058e-09','0','0','0','3.36861e-07','-7.36783e-07','1.36038e-06','1.71432e-08','8.75035e-08','4.0634e-08','-3.30629e-07','-3.99506e-07','1.37291e-08','0','0','0','6.23992e-08','-1.53311e-06','1.41716e-06','5.75612e-09','4.0634e-08','6.23657e-08','-7.30851e-07','3.87089e-07','1.04493e-08','0','0','0','5.64077e-05','6.39399e-05','-4.80961e-05','8.30584e-08','-3.30629e-07','-7.30851e-07','0.000369577','-1.96631e-05','-7.70506e-07','0','0','0','-2.21571e-05','-7.55191e-06','2.98134e-07','-3.85883e-07','-3.99506e-07','3.87089e-07','-1.96631e-05','0.00011571','-1.06678e-07','0','0','0','-5.93714e-07','-1.96551e-06','2.3329e-06','4.33058e-09','1.37291e-08','1.04493e-08','-7.70506e-07','-1.06678e-07','1.12155e-07','0','0','0','0','0','0','0','0','0','0','0','0','0','0','0','0','0','0','0','0','0','0','0','0','0','0','0','0','0','0','0','0','0','0','0','0','0','0','0']

reports.append(Report(584089600, ("DT", -2, 3, 4), "MBwhAst3sec04"))
reports[-1].posNum = 7
reports[-1].negNum = 0
reports[-1].fittype = "6DOF"
reports[-1].add_parameters(ValErr(0.0339124, 0.0397694, 0), \
                           ValErr(-0.154829, 0.348969, 0), \
                           ValErr(0.0369015, 0.400714, 0), \
                           ValErr(-0.000343436, 0.00182761, 0), \
                           ValErr(-0.00139622, 0.000826218, 0), \
                           ValErr(-0.00013117, 0.000737648, 0), \
                           41.9184, 7, 7, -nan)
reports[-1].sigmax = ValErr(0.0964396, 0.0292548, 0)
reports[-1].sigmay = ValErr(0.140492, 0.0414756, 0)
reports[-1].sigmadxdz = ValErr(0.00262223, 0.000744879, 0)
reports[-1].sigmadydz = ValErr(0, 0, 0)
reports[-1].add_stats(-0.000863839, -0.172133, -0.000349309, 0.000892039, 0.0448889, -0.149011, -0.000855121, -0.00086891, 0.0448889, -0.149011, -0.000855121, -0.00086891, -0.00580734, -0.164504, -0.000173904, 0.0034093, -0.00580734, -0.164504, -0.000173904, 0.0034093, 0.0967193, 0.175888, 0.00253366, 0.018599, 0.0967193, 0.175888, 0.00253366, 0.018599)
reports[-1].CovMatrix = ['0.00158161','0.00420799','-0.0049525','1.98678e-05','2.53215e-06','9.93626e-06','0.000174897','-9.85225e-05','-2.84578e-06','0','0','0','0.00420799','0.121779','-0.137985','0.000308154','1.2435e-05','0.000116049','0.00201826','-0.00135034','-2.91923e-05','0','0','0','-0.0049525','-0.137985','0.160572','-0.000379153','-2.129e-05','-0.000132381','-0.00225879','0.00137326','3.52653e-05','0','0','0','1.98678e-05','0.000308154','-0.000379153','3.34017e-06','-4.58304e-07','7.61085e-07','1.20932e-05','-1.43047e-05','-5.88107e-08','0','0','0','2.53215e-06','1.2435e-05','-2.129e-05','-4.58304e-07','6.82636e-07','-5.42031e-08','-1.60279e-06','1.10435e-05','-1.62172e-07','0','0','0','9.93626e-06','0.000116049','-0.000132381','7.61085e-07','-5.42031e-08','5.44124e-07','1.01247e-05','-9.06272e-06','-1.04567e-07','0','0','0','0.000174897','0.00201826','-0.00225879','1.20932e-05','-1.60279e-06','1.01247e-05','0.000856099','-0.000182393','-1.78258e-06','0','0','0','-9.85225e-05','-0.00135034','0.00137326','-1.43047e-05','1.10435e-05','-9.06272e-06','-0.000182393','0.00172093','-8.62604e-07','0','0','0','-2.84578e-06','-2.91923e-05','3.52653e-05','-5.88107e-08','-1.62172e-07','-1.04567e-07','-1.78258e-06','-8.62604e-07','5.55247e-07','0','0','0','0','0','0','0','0','0','0','0','0','0','0','0','0','0','0','0','0','0','0','0','0','0','0','0','0','0','0','0','0','0','0','0','0','0','0','0']

reports.append(Report(584351744, ("DT", -2, 3, 5), "MBwhAst3sec05"))
reports[-1].posNum = 0
reports[-1].negNum = 0
reports[-1].status = "TOOFEWHITS"

reports.append(Report(584613888, ("DT", -2, 3, 6), "MBwhAst3sec06"))
reports[-1].posNum = 11
reports[-1].negNum = 0
reports[-1].fittype = "6DOF"
reports[-1].add_parameters(ValErr(0.0274926, 0.0152221, 0), \
                           ValErr(-0.421438, 0.188366, 0), \
                           ValErr(0.658893, 0.194191, 0), \
                           ValErr(0.00439716, 0.00212211, 0), \
                           ValErr(2.18832e-05, 0.000663305, 0), \
                           ValErr(-0.000639524, 0.000272713, 0), \
                           67.408, 11, 11, -nan)
reports[-1].sigmax = ValErr(0.0474042, 0.0101703, 0)
reports[-1].sigmay = ValErr(0.291591, 0.0664245, 0)
reports[-1].sigmadxdz = ValErr(0.00223547, 0.000478912, 0)
reports[-1].sigmadydz = ValErr(0, 0, 0)
reports[-1].add_stats(0.00202872, 0.0756144, -0.000145581, 0.0102488, 0.0319722, 0.198323, -0.000679276, 0.00569584, 0.0319722, 0.198323, -0.000679276, 0.00569584, -0.000926461, 0.316061, 8.54642e-05, 0.00515091, -0.000926461, 0.316061, 8.54642e-05, 0.00515091, 0.0868696, 0.347244, 0.00232594, 0.0221277, 0.0868696, 0.347244, 0.00232594, 0.0221277)
