nan = None;  NAN = None
nan = 0
reports = []
class ValErr:
    def __init__(self, value, error, antisym):
        self.value, self.error, self.antisym = value, error, antisym

    def __repr__(self):
        if self.antisym == 0.:
            return "%g +- %g" % (self.value, self.error)
        else:
            return "%g +- %g ~ %g" % (self.value, self.error, self.antisym)

class Report:
    def __init__(self, chamberId, postal_address, name):
        self.chamberId, self.postal_address, self.name = chamberId, postal_address, name
        self.status = "NOFIT"
        self.fittype = None
        self.CovMatrix = None

    def add_parameters(self, deltax, deltay, deltaz, deltaphix, deltaphiy, deltaphiz, loglikelihood, numsegments, sumofweights, redchi2):
        self.status = "PASS"
        self.deltax, self.deltay, self.deltaz, self.deltaphix, self.deltaphiy, self.deltaphiz = deltax, deltay, deltaz, deltaphix, deltaphiy, deltaphiz
        self.loglikelihood, self.numsegments, self.sumofweights, self.redchi2 = loglikelihood, numsegments, sumofweights, redchi2

    def add_stats(self, median_x, median_y, median_dxdz, median_dydz, mean30_x, mean30_y, mean20_dxdz, mean50_dydz, mean15_x, mean15_y, mean10_dxdz, mean25_dydz, wmean30_x, wmean30_y, wmean20_dxdz, wmean50_dydz, wmean15_x, wmean15_y, wmean10_dxdz, wmean25_dydz, stdev30_x, stdev30_y, stdev20_dxdz, stdev50_dydz, stdev15_x, stdev15_y, stdev10_dxdz, stdev25_dydz):
        self.median_x, self.median_y, self.median_dxdz, self.median_dydz, self.mean30_x, self.mean30_y, self.mean20_dxdz, self.mean50_dydz, self.mean15_x, self.mean15_y, self.mean10_dxdz, self.mean25_dydz, self.wmean30_x, self.wmean30_y, self.wmean20_dxdz, self.wmean50_dydz, self.wmean15_x, self.wmean15_y, self.wmean10_dxdz, self.wmean25_dydz, self.stdev30_x, self.stdev30_y, self.stdev20_dxdz, self.stdev50_dydz, self.stdev15_x, self.stdev15_y, self.stdev10_dxdz, self.stdev25_dydz = median_x, median_y, median_dxdz, median_dydz, mean30_x, mean30_y, mean20_dxdz, mean50_dydz, mean15_x, mean15_y, mean10_dxdz, mean25_dydz, wmean30_x, wmean30_y, wmean20_dxdz, wmean50_dydz, wmean15_x, wmean15_y, wmean10_dxdz, wmean25_dydz, stdev30_x, stdev30_y, stdev20_dxdz, stdev50_dydz, stdev15_x, stdev15_y, stdev10_dxdz, stdev25_dydz

    def __repr__(self):
        return "<Report %s %s %s>" % (self.postal_address[0], " ".join(map(str, self.postal_address[1:])), self.status)

reports.append(Report(574914560, ("DT", -2, 1, 1), "MBwhAst1sec01"))
reports[-1].posNum = 971
reports[-1].negNum = 0
reports[-1].fittype = "6DOF"
reports[-1].add_parameters(ValErr(-0.0012505, 0.00122374, 0), \
                           ValErr(0.10745, 0.0106637, 0), \
                           ValErr(-0.0108308, 0.00826954, 0), \
                           ValErr(0.000199595, 5.78683e-05, 0), \
                           ValErr(-0.000112988, 2.73897e-05, 0), \
                           ValErr(8.28382e-05, 1.79916e-05, 0), \
                           8453.44, 971, 971, -nan)
reports[-1].sigmax = ValErr(0.0284789, 0.000649071, 0)
reports[-1].sigmay = ValErr(0.111576, 0.00254579, 0)
reports[-1].sigmadxdz = ValErr(0.000738366, 1.67844e-05, 0)
reports[-1].sigmadydz = ValErr(0, 0, 0)
reports[-1].add_stats(-0.000428209, 0.102049, -9.87195e-06, -0.0154465, -0.00072316, 0.0921235, -4.87399e-06, -0.0141876, -0.00072316, 0.0921235, -4.87399e-06, -0.0141876, -0.000787875, 0.0933768, -6.8228e-06, -0.0145928, -0.000787875, 0.0933768, -6.8228e-06, -0.0145928, 0.0284465, 0.113742, 0.000737429, 0.0176378, 0.0284465, 0.113742, 0.000737429, 0.0176378)
reports[-1].CovMatrix = ['1.49753e-06','7.401e-06','-6.09673e-06','4.9442e-09','5.98512e-09','-4.93718e-09','-1.4628e-08','6.05314e-08','1.45591e-11','0','0','0','7.401e-06','0.000113715','-8.28538e-05','1.05734e-07','-2.08291e-08','1.29949e-08','5.37387e-08','-3.31457e-07','1.06991e-09','0','0','0','-6.09673e-06','-8.28538e-05','6.83854e-05','-5.34126e-08','1.88716e-08','-8.47095e-09','-4.72769e-08','2.89598e-07','-8.18755e-10','0','0','0','4.9442e-09','1.05734e-07','-5.34126e-08','3.34874e-09','6.97376e-11','2.68266e-10','-1.0542e-10','-4.95004e-10','8.41997e-12','0','0','0','5.98512e-09','-2.08291e-08','1.88716e-08','6.97376e-11','7.50198e-10','-2.81249e-10','-1.00298e-09','6.88605e-09','-1.90245e-11','0','0','0','-4.93718e-09','1.29949e-08','-8.47095e-09','2.68266e-10','-2.81249e-10','3.23696e-10','1.03803e-09','-3.7959e-09','-1.5219e-12','0','0','0','-1.4628e-08','5.37387e-08','-4.72769e-08','-1.0542e-10','-1.00298e-09','1.03803e-09','4.21293e-07','-1.31044e-08','-7.53436e-12','0','0','0','6.05314e-08','-3.31457e-07','2.89598e-07','-4.95004e-10','6.88605e-09','-3.7959e-09','-1.31044e-08','6.48105e-06','-1.22742e-10','0','0','0','1.45591e-11','1.06991e-09','-8.18755e-10','8.41997e-12','-1.90245e-11','-1.5219e-12','-7.53436e-12','-1.22742e-10','2.81717e-10','0','0','0','0','0','0','0','0','0','0','0','0','0','0','0','0','0','0','0','0','0','0','0','0','0','0','0','0','0','0','0','0','0','0','0','0','0','0','0']

reports.append(Report(575176704, ("DT", -2, 1, 2), "MBwhAst1sec02"))
reports[-1].posNum = 613
reports[-1].negNum = 0
reports[-1].fittype = "6DOF"
reports[-1].add_parameters(ValErr(-0.00386591, 0.00148062, 0), \
                           ValErr(0.0919288, 0.0130847, 0), \
                           ValErr(-0.000969522, 0.0101495, 0), \
                           ValErr(0.000236221, 7.34961e-05, 0), \
                           ValErr(-0.000113729, 3.44662e-05, 0), \
                           ValErr(7.40292e-05, 2.26804e-05, 0), \
                           5333.54, 613, 613, -nan)
reports[-1].sigmax = ValErr(0.0284729, 0.000817656, 0)
reports[-1].sigmay = ValErr(0.112375, 0.00323444, 0)
reports[-1].sigmadxdz = ValErr(0.000737125, 2.11019e-05, 0)
reports[-1].sigmadydz = ValErr(0, 0, 0)
reports[-1].add_stats(-0.000802522, 0.0848068, -2.64188e-05, -0.0142047, -0.00217559, 0.0843854, -1.96435e-05, -0.0134842, -0.00217559, 0.0843854, -1.96435e-05, -0.0134842, -0.00145002, 0.0864125, 2.17334e-06, -0.0138179, -0.00145002, 0.0864125, 2.17334e-06, -0.0138179, 0.0283259, 0.115379, 0.000734527, 0.0184319, 0.0283259, 0.115379, 0.000734527, 0.0184319)
reports[-1].CovMatrix = ['2.19224e-06','8.70833e-06','-7.43882e-06','3.19682e-09','1.31102e-08','-1.19776e-08','-4.99959e-08','1.87828e-07','1.07205e-10','0','0','0','8.70833e-06','0.00017121','-0.000123501','1.6107e-07','-4.26129e-08','2.316e-08','-1.09118e-08','-3.72465e-07','3.09519e-09','0','0','0','-7.43882e-06','-0.000123501','0.000103012','-3.99357e-08','2.60926e-08','-7.11765e-09','5.89323e-08','-4.83356e-08','-1.33113e-09','0','0','0','3.19682e-09','1.6107e-07','-3.99357e-08','5.40168e-09','8.09934e-11','3.44977e-10','1.45006e-09','-1.48168e-08','6.36742e-11','0','0','0','1.31102e-08','-4.26129e-08','2.60926e-08','8.09934e-11','1.18792e-09','-4.56121e-10','-1.80549e-09','1.09959e-08','-2.45613e-11','0','0','0','-1.19776e-08','2.316e-08','-7.11765e-09','3.44977e-10','-4.56121e-10','5.14399e-10','1.9215e-09','-7.30779e-09','-1.4549e-12','0','0','0','-4.99959e-08','-1.09118e-08','5.89323e-08','1.45006e-09','-1.80549e-09','1.9215e-09','6.68562e-07','-2.87292e-08','1.21112e-12','0','0','0','1.87828e-07','-3.72465e-07','-4.83356e-08','-1.48168e-08','1.09959e-08','-7.30779e-09','-2.87292e-08','1.04616e-05','-3.17183e-10','0','0','0','1.07205e-10','3.09519e-09','-1.33113e-09','6.36742e-11','-2.45613e-11','-1.4549e-12','1.21112e-12','-3.17183e-10','4.45291e-10','0','0','0','0','0','0','0','0','0','0','0','0','0','0','0','0','0','0','0','0','0','0','0','0','0','0','0','0','0','0','0','0','0','0','0','0','0','0','0']

reports.append(Report(575438848, ("DT", -2, 1, 3), "MBwhAst1sec03"))
reports[-1].posNum = 740
reports[-1].negNum = 0
reports[-1].fittype = "6DOF"
reports[-1].add_parameters(ValErr(-0.00166485, 0.00143534, 0), \
                           ValErr(0.0984755, 0.0109784, 0), \
                           ValErr(-0.00350992, 0.00850355, 0), \
                           ValErr(0.000218532, 6.37063e-05, 0), \
                           ValErr(-8.54802e-05, 2.98403e-05, 0), \
                           ValErr(7.14384e-05, 1.9547e-05, 0), \
                           6562.39, 740, 740, -nan)
reports[-1].sigmax = ValErr(0.0265268, 0.000691215, 0)
reports[-1].sigmay = ValErr(0.109121, 0.00284636, 0)
reports[-1].sigmadxdz = ValErr(0.000689186, 1.79355e-05, 0)
reports[-1].sigmadydz = ValErr(0, 0, 0)
reports[-1].add_stats(-0.000203132, 0.102717, -6.68045e-06, -0.0168903, -0.000208502, 0.0907133, -5.93433e-06, -0.0148731, -0.000208502, 0.0907133, -5.93433e-06, -0.0148731, -0.000387423, 0.0957162, -1.10308e-05, -0.0156334, -0.000387423, 0.0957162, -1.10308e-05, -0.0156334, 0.0265068, 0.111227, 0.000688008, 0.017478, 0.0265068, 0.111227, 0.000688008, 0.017478)
reports[-1].CovMatrix = ['2.06021e-06','9.32788e-06','-7.70179e-06','2.06674e-09','1.17841e-08','-1.13983e-08','-2.75355e-08','1.19642e-07','1.52506e-12','0','0','0','9.32788e-06','0.000120525','-8.60852e-05','1.04835e-07','5.77955e-09','-1.59066e-08','-5.07231e-08','5.39323e-08','1.28186e-09','0','0','0','-7.70179e-06','-8.60852e-05','7.23104e-05','-1.50832e-08','7.6629e-09','1.41383e-08','3.35626e-08','-1.23971e-08','-8.98003e-10','0','0','0','2.06674e-09','1.04835e-07','-1.50832e-08','4.05849e-09','2.98458e-10','2.54729e-10','2.71957e-11','-2.21084e-09','1.65605e-11','0','0','0','1.17841e-08','5.77955e-09','7.6629e-09','2.98458e-10','8.90446e-10','-3.26481e-10','-8.5757e-10','6.42337e-09','-1.73192e-11','0','0','0','-1.13983e-08','-1.59066e-08','1.41383e-08','2.54729e-10','-3.26481e-10','3.82085e-10','9.23812e-10','-3.83803e-09','4.064e-13','0','0','0','-2.75355e-08','-5.07231e-08','3.35626e-08','2.71957e-11','-8.5757e-10','9.23812e-10','4.77778e-07','-9.27568e-09','-1.83348e-12','0','0','0','1.19642e-07','5.39323e-08','-1.23971e-08','-2.21084e-09','6.42337e-09','-3.83803e-09','-9.27568e-09','8.10179e-06','-1.11785e-10','0','0','0','1.52506e-12','1.28186e-09','-8.98003e-10','1.65605e-11','-1.73192e-11','4.064e-13','-1.83348e-12','-1.11785e-10','3.21681e-10','0','0','0','0','0','0','0','0','0','0','0','0','0','0','0','0','0','0','0','0','0','0','0','0','0','0','0','0','0','0','0','0','0','0','0','0','0','0','0']

reports.append(Report(575700992, ("DT", -2, 1, 4), "MBwhAst1sec04"))
reports[-1].posNum = 983
reports[-1].negNum = 0
reports[-1].fittype = "6DOF"
reports[-1].add_parameters(ValErr(0.000526048, 0.00123271, 0), \
                           ValErr(0.0939406, 0.010371, 0), \
                           ValErr(-0.00261189, 0.00801808, 0), \
                           ValErr(0.000140336, 5.94458e-05, 0), \
                           ValErr(-2.9321e-05, 2.70207e-05, 0), \
                           ValErr(6.02465e-05, 1.80365e-05, 0), \
                           8590.42, 983, 983, -nan)
reports[-1].sigmax = ValErr(0.0279681, 0.000632117, 0)
reports[-1].sigmay = ValErr(0.113155, 0.00267137, 0)
reports[-1].sigmadxdz = ValErr(0.000717241, 1.61779e-05, 0)
reports[-1].sigmadydz = ValErr(0, 0, 0)
reports[-1].add_stats(0.00113869, 0.0933984, 2.98918e-05, -0.01501, 0.00109443, 0.0893112, 5.04188e-05, -0.0139344, 0.00109443, 0.0893112, 5.04188e-05, -0.0139344, 0.00108582, 0.0868478, 5.7624e-05, -0.0139183, 0.00108582, 0.0868478, 5.7624e-05, -0.0139183, 0.027891, 0.114245, 0.000715672, 0.0180322, 0.027891, 0.114245, 0.000715672, 0.0180322)
reports[-1].CovMatrix = ['1.51957e-06','7.28855e-06','-6.00585e-06','3.76245e-09','5.99764e-09','-4.6062e-09','-1.33912e-08','1.77667e-07','-8.18826e-11','0','0','0','7.28855e-06','0.000107558','-7.76969e-05','9.68157e-08','-2.10781e-08','1.20333e-08','-7.33283e-08','-9.35152e-07','2.88642e-09','0','0','0','-6.00585e-06','-7.76969e-05','6.42896e-05','-4.40305e-08','2.0803e-08','-8.84339e-09','5.67239e-08','6.41973e-07','-1.89866e-09','0','0','0','3.76245e-09','9.68157e-08','-4.40305e-08','3.5338e-09','4.99202e-11','2.81169e-10','6.94076e-10','-1.25411e-08','3.31068e-11','0','0','0','5.99764e-09','-2.10781e-08','2.0803e-08','4.99202e-11','7.30117e-10','-2.84517e-10','-7.96971e-10','7.13061e-09','-1.74395e-11','0','0','0','-4.6062e-09','1.20333e-08','-8.84339e-09','2.81169e-10','-2.84517e-10','3.25315e-10','9.05239e-10','-3.61466e-09','3.03771e-12','0','0','0','-1.33912e-08','-7.33283e-08','5.67239e-08','6.94076e-10','-7.96971e-10','9.05239e-10','3.99572e-07','4.56308e-09','3.31319e-11','0','0','0','1.77667e-07','-9.35152e-07','6.41973e-07','-1.25411e-08','7.13061e-09','-3.61466e-09','4.56308e-09','7.13625e-06','-4.40698e-10','0','0','0','-8.18826e-11','2.88642e-09','-1.89866e-09','3.31068e-11','-1.74395e-11','3.03771e-12','3.31319e-11','-4.40698e-10','2.61725e-10','0','0','0','0','0','0','0','0','0','0','0','0','0','0','0','0','0','0','0','0','0','0','0','0','0','0','0','0','0','0','0','0','0','0','0','0','0','0','0']

reports.append(Report(575963136, ("DT", -2, 1, 5), "MBwhAst1sec05"))
reports[-1].posNum = 907
reports[-1].negNum = 0
reports[-1].fittype = "6DOF"
reports[-1].add_parameters(ValErr(-0.00417857, 0.00134219, 0), \
                           ValErr(0.0934048, 0.0113941, 0), \
                           ValErr(-0.0100546, 0.00882918, 0), \
                           ValErr(0.00029209, 5.81742e-05, 0), \
                           ValErr(-0.000134837, 2.93005e-05, 0), \
                           ValErr(5.78166e-05, 1.84123e-05, 0), \
                           7793.39, 907, 907, -nan)
reports[-1].sigmax = ValErr(0.0297732, 0.000702266, 0)
reports[-1].sigmay = ValErr(0.112529, 0.00265738, 0)
reports[-1].sigmadxdz = ValErr(0.000784373, 1.84477e-05, 0)
reports[-1].sigmadydz = ValErr(0, 0, 0)
reports[-1].add_stats(-0.00196575, 0.0813409, -1.75318e-05, -0.0126485, -0.00375922, 0.0788839, -6.91867e-05, -0.0124549, -0.00375922, 0.0788839, -6.91867e-05, -0.0124549, -0.00369581, 0.0791351, -6.91711e-05, -0.0123599, -0.00369581, 0.0791351, -6.91711e-05, -0.0123599, 0.0296197, 0.116221, 0.000782953, 0.018082, 0.0296197, 0.116221, 0.000782953, 0.018082)
reports[-1].CovMatrix = ['1.80147e-06','9.09852e-06','-7.45951e-06','6.90504e-09','7.49588e-09','-6.40864e-09','-2.65877e-08','9.4449e-08','8.44265e-11','0','0','0','9.09852e-06','0.000129825','-9.49075e-05','1.34294e-07','-1.34776e-09','-8.88935e-09','-9.1959e-08','1.05466e-07','2.00044e-09','0','0','0','-7.45951e-06','-9.49075e-05','7.79544e-05','-8.41314e-08','4.98704e-09','8.00093e-09','8.37655e-08','-1.15834e-07','-1.5545e-09','0','0','0','6.90504e-09','1.34294e-07','-8.41314e-08','3.38423e-09','2.18946e-10','2.03377e-10','1.37206e-09','-7.353e-09','1.77478e-11','0','0','0','7.49588e-09','-1.34776e-09','4.98704e-09','2.18946e-10','8.5852e-10','-2.89342e-10','-9.46686e-10','6.4759e-09','-1.94183e-11','0','0','0','-6.40864e-09','-8.88935e-09','8.00093e-09','2.03377e-10','-2.89342e-10','3.39014e-10','1.20933e-09','-4.14426e-09','-2.74064e-12','0','0','0','-2.65877e-08','-9.1959e-08','8.37655e-08','1.37206e-09','-9.46686e-10','1.20933e-09','4.93178e-07','-1.59841e-08','-6.25974e-12','0','0','0','9.4449e-08','1.05466e-07','-1.15834e-07','-7.353e-09','6.4759e-09','-4.14426e-09','-1.59841e-08','7.06167e-06','-1.4588e-10','0','0','0','8.44265e-11','2.00044e-09','-1.5545e-09','1.77478e-11','-1.94183e-11','-2.74064e-12','-6.25974e-12','-1.4588e-10','3.40319e-10','0','0','0','0','0','0','0','0','0','0','0','0','0','0','0','0','0','0','0','0','0','0','0','0','0','0','0','0','0','0','0','0','0','0','0','0','0','0','0']

reports.append(Report(576225280, ("DT", -2, 1, 6), "MBwhAst1sec06"))
reports[-1].posNum = 960
reports[-1].negNum = 0
reports[-1].fittype = "6DOF"
reports[-1].add_parameters(ValErr(-0.00167452, 0.00132246, 0), \
                           ValErr(0.10138, 0.0109639, 0), \
                           ValErr(-0.00735322, 0.00848021, 0), \
                           ValErr(0.000205925, 6.02403e-05, 0), \
                           ValErr(-7.25647e-05, 2.84085e-05, 0), \
                           ValErr(6.99529e-05, 1.87113e-05, 0), \
                           8325.56, 960, 960, -nan)
reports[-1].sigmax = ValErr(0.0295599, 0.000679932, 0)
reports[-1].sigmay = ValErr(0.110545, 0.0026737, 0)
reports[-1].sigmadxdz = ValErr(0.000742414, 1.69908e-05, 0)
reports[-1].sigmadydz = ValErr(0, 0, 0)
reports[-1].add_stats(-0.00154781, 0.0972609, 2.40906e-05, -0.0153903, -0.00105516, 0.0893427, 1.31921e-05, -0.0142669, -0.00105516, 0.0893427, 1.31921e-05, -0.0142669, -0.00192026, 0.0873531, -9.48342e-07, -0.0137831, -0.00192026, 0.0873531, -9.48342e-07, -0.0137831, 0.0295031, 0.112162, 0.000741644, 0.0171256, 0.0295031, 0.112162, 0.000741644, 0.0171256)
reports[-1].CovMatrix = ['1.74891e-06','8.2646e-06','-6.4709e-06','8.85097e-09','7.26261e-09','-6.39243e-09','-3.48091e-08','-4.00193e-08','1.11125e-10','0','0','0','8.2646e-06','0.000120208','-8.59376e-05','1.3621e-07','-2.86762e-08','1.70307e-08','-1.58822e-07','-1.55848e-06','1.21459e-09','0','0','0','-6.4709e-06','-8.59376e-05','7.1914e-05','-4.45363e-08','2.29078e-08','-8.67052e-09','7.23869e-08','4.98179e-07','-5.19669e-11','0','0','0','8.85097e-09','1.3621e-07','-4.45363e-08','3.62889e-09','7.25395e-11','2.91181e-10','7.59839e-10','-6.14885e-09','2.01283e-11','0','0','0','7.26261e-09','-2.86762e-08','2.29078e-08','7.25395e-11','8.07041e-10','-3.02783e-10','-2.10032e-11','1.05099e-08','-1.59701e-11','0','0','0','-6.39243e-09','1.70307e-08','-8.67052e-09','2.91181e-10','-3.02783e-10','3.50112e-10','7.5833e-10','-4.11951e-09','1.4722e-12','0','0','0','-3.48091e-08','-1.58822e-07','7.23869e-08','7.59839e-10','-2.10032e-11','7.5833e-10','4.62308e-07','6.92555e-08','2.44423e-11','0','0','0','-4.00193e-08','-1.55848e-06','4.98179e-07','-6.14885e-09','1.05099e-08','-4.11951e-09','6.92555e-08','7.14869e-06','1.05894e-11','0','0','0','1.11125e-10','1.21459e-09','-5.19669e-11','2.01283e-11','-1.59701e-11','1.4722e-12','2.44423e-11','1.05894e-11','2.88688e-10','0','0','0','0','0','0','0','0','0','0','0','0','0','0','0','0','0','0','0','0','0','0','0','0','0','0','0','0','0','0','0','0','0','0','0','0','0','0','0']

reports.append(Report(576487424, ("DT", -2, 1, 7), "MBwhAst1sec07"))
reports[-1].posNum = 979
reports[-1].negNum = 0
reports[-1].fittype = "6DOF"
reports[-1].add_parameters(ValErr(-0.00199891, 0.00121493, 0), \
                           ValErr(0.0928164, 0.0103098, 0), \
                           ValErr(-0.000151737, 0.0079716, 0), \
                           ValErr(0.000186021, 5.41325e-05, 0), \
                           ValErr(-0.000121998, 2.67377e-05, 0), \
                           ValErr(0.000105952, 1.72446e-05, 0), \
                           8552.19, 979, 979, -nan)
reports[-1].sigmax = ValErr(0.0282846, 0.00064096, 0)
reports[-1].sigmay = ValErr(0.108406, 0.0024621, 0)
reports[-1].sigmadxdz = ValErr(0.000742745, 1.68204e-05, 0)
reports[-1].sigmadydz = ValErr(0, 0, 0)
reports[-1].add_stats(0.000434167, 0.0930015, 9.05225e-06, -0.0151766, -0.000256893, 0.0916375, 7.76358e-06, -0.0145121, -0.000256893, 0.0916375, 7.76358e-06, -0.0145121, -0.00168436, 0.0869541, -4.24336e-05, -0.0139689, -0.00168436, 0.0869541, -4.24336e-05, -0.0139689, 0.0283294, 0.111214, 0.000739631, 0.0174802, 0.0283294, 0.111214, 0.000739631, 0.0174802)
reports[-1].CovMatrix = ['1.47606e-06','7.34179e-06','-6.00409e-06','5.86483e-09','5.09639e-09','-3.95728e-09','-1.50915e-08','5.40672e-08','6.19825e-11','0','0','0','7.34179e-06','0.000106293','-7.72978e-05','1.02182e-07','-1.76055e-08','9.75202e-09','-3.50626e-08','-1.30687e-07','2.08004e-09','0','0','0','-6.00409e-06','-7.72978e-05','6.35464e-05','-6.21449e-08','1.79177e-08','-7.66812e-09','2.66256e-08','9.28478e-08','-1.4656e-09','0','0','0','5.86483e-09','1.02182e-07','-6.21449e-08','2.93032e-09','7.2077e-11','2.41917e-10','2.3351e-10','-6.38609e-09','3.9864e-11','0','0','0','5.09639e-09','-1.76055e-08','1.79177e-08','7.2077e-11','7.14904e-10','-2.53825e-10','-7.55927e-10','5.25725e-09','-1.5607e-11','0','0','0','-3.95728e-09','9.75202e-09','-7.66812e-09','2.41917e-10','-2.53825e-10','2.97377e-10','7.99655e-10','-3.4036e-09','2.58484e-12','0','0','0','-1.50915e-08','-3.50626e-08','2.66256e-08','2.3351e-10','-7.55927e-10','7.99655e-10','4.1083e-07','-8.88793e-09','2.32398e-12','0','0','0','5.40672e-08','-1.30687e-07','9.28478e-08','-6.38609e-09','5.25725e-09','-3.4036e-09','-8.88793e-09','6.06195e-06','-1.79433e-10','0','0','0','6.19825e-11','2.08004e-09','-1.4656e-09','3.9864e-11','-1.5607e-11','2.58484e-12','2.32398e-12','-1.79433e-10','2.82926e-10','0','0','0','0','0','0','0','0','0','0','0','0','0','0','0','0','0','0','0','0','0','0','0','0','0','0','0','0','0','0','0','0','0','0','0','0','0','0','0']

reports.append(Report(576749568, ("DT", -2, 1, 8), "MBwhAst1sec08"))
reports[-1].posNum = 891
reports[-1].negNum = 0
reports[-1].fittype = "6DOF"
reports[-1].add_parameters(ValErr(8.07803e-05, 0.00132128, 0), \
                           ValErr(0.0879605, 0.0112693, 0), \
                           ValErr(-0.00445683, 0.00870791, 0), \
                           ValErr(0.000360563, 6.18447e-05, 0), \
                           ValErr(-7.7745e-05, 2.89201e-05, 0), \
                           ValErr(9.90955e-05, 1.8995e-05, 0), \
                           7693.92, 891, 891, -nan)
reports[-1].sigmax = ValErr(0.0291552, 0.000691598, 0)
reports[-1].sigmay = ValErr(0.118546, 0.0028169, 0)
reports[-1].sigmadxdz = ValErr(0.000728597, 1.72756e-05, 0)
reports[-1].sigmadydz = ValErr(0, 0, 0)
reports[-1].add_stats(0.00107861, 0.0839537, 2.99182e-05, -0.0128269, 0.00129866, 0.0771432, 1.74875e-05, -0.0119259, 0.00129866, 0.0771432, 1.74875e-05, -0.0119259, 0.00183505, 0.0797189, 2.37563e-05, -0.0121954, 0.00183505, 0.0797189, 2.37563e-05, -0.0121954, 0.0291653, 0.122082, 0.000726657, 0.0189287, 0.0291653, 0.122082, 0.000726657, 0.0189287)
reports[-1].CovMatrix = ['1.74579e-06','8.26871e-06','-6.83537e-06','4.70376e-09','7.94223e-09','-6.78657e-09','-1.31131e-08','6.32353e-08','-2.34642e-11','0','0','0','8.26871e-06','0.000126998','-9.14521e-05','1.15232e-07','-2.06513e-08','1.21161e-08','-1.23527e-08','-1.27494e-07','1.3807e-09','0','0','0','-6.83537e-06','-9.14521e-05','7.58277e-05','-4.63408e-08','1.96713e-08','-6.89893e-09','2.54436e-08','8.07954e-09','-8.07794e-10','0','0','0','4.70376e-09','1.15232e-07','-4.63408e-08','3.82477e-09','1.07014e-10','2.87074e-10','1.2203e-09','-9.01655e-09','2.76919e-11','0','0','0','7.94223e-09','-2.06513e-08','1.96713e-08','1.07014e-10','8.36372e-10','-3.22313e-10','-4.63335e-10','4.27722e-09','-1.4072e-11','0','0','0','-6.78657e-09','1.21161e-08','-6.89893e-09','2.87074e-10','-3.22313e-10','3.60809e-10','6.39489e-10','-3.17027e-09','3.75834e-12','0','0','0','-1.31131e-08','-1.23527e-08','2.54436e-08','1.2203e-09','-4.63335e-10','6.39489e-10','4.78308e-07','-6.87432e-09','1.06182e-11','0','0','0','6.32353e-08','-1.27494e-07','8.07954e-09','-9.01655e-09','4.27722e-09','-3.17027e-09','-6.87432e-09','7.93495e-06','-1.31884e-10','0','0','0','-2.34642e-11','1.3807e-09','-8.07794e-10','2.76919e-11','-1.4072e-11','3.75834e-12','1.06182e-11','-1.31884e-10','2.98448e-10','0','0','0','0','0','0','0','0','0','0','0','0','0','0','0','0','0','0','0','0','0','0','0','0','0','0','0','0','0','0','0','0','0','0','0','0','0','0','0']

reports.append(Report(577011712, ("DT", -2, 1, 9), "MBwhAst1sec09"))
reports[-1].posNum = 651
reports[-1].negNum = 0
reports[-1].fittype = "6DOF"
reports[-1].add_parameters(ValErr(2.70542e-05, 0.00156535, 0), \
                           ValErr(0.096574, 0.0132372, 0), \
                           ValErr(-0.00948365, 0.0100832, 0), \
                           ValErr(0.000186973, 7.36412e-05, 0), \
                           ValErr(-7.77933e-05, 3.4082e-05, 0), \
                           ValErr(6.03345e-05, 2.18328e-05, 0), \
                           5603.19, 651, 651, -nan)
reports[-1].sigmax = ValErr(0.0280707, 0.000870313, 0)
reports[-1].sigmay = ValErr(0.120925, 0.0034196, 0)
reports[-1].sigmadxdz = ValErr(0.000762993, 2.35489e-05, 0)
reports[-1].sigmadydz = ValErr(0, 0, 0)
reports[-1].add_stats(0.00123263, 0.0870072, 1.13575e-05, -0.0137635, 0.000347755, 0.0824941, 8.71759e-06, -0.0132637, 0.000347755, 0.0824941, 8.71759e-06, -0.0132637, 0.000538243, 0.0854052, -2.27637e-05, -0.0132511, 0.000538243, 0.0854052, -2.27637e-05, -0.0132511, 0.0279312, 0.122904, 0.000762644, 0.0191694, 0.0279312, 0.122904, 0.000762644, 0.0191694)
reports[-1].CovMatrix = ['2.45031e-06','1.08576e-05','-8.58572e-06','1.67369e-08','8.17947e-09','-5.86282e-09','-2.60034e-07','-9.11763e-08','5.29062e-09','0','0','0','1.08576e-05','0.000175223','-0.000124006','2.04871e-07','-3.12993e-08','2.36209e-08','-4.7138e-07','-1.36673e-06','1.48335e-09','0','0','0','-8.58572e-06','-0.000124006','0.000101672','-9.74641e-08','2.33322e-08','-1.08508e-08','1.91264e-07','7.12585e-07','5.05474e-09','0','0','0','1.67369e-08','2.04871e-07','-9.74641e-08','5.42303e-09','7.88103e-11','4.96652e-10','-5.10823e-09','-2.10619e-08','1.54836e-10','0','0','0','8.17947e-09','-3.12993e-08','2.33322e-08','7.88103e-11','1.16158e-09','-4.10527e-10','2.69253e-11','1.25651e-08','-6.19547e-11','0','0','0','-5.86282e-09','2.36209e-08','-1.08508e-08','4.96652e-10','-4.10527e-10','4.76672e-10','-3.5653e-13','-9.44714e-09','2.5041e-11','0','0','0','-2.60034e-07','-4.7138e-07','1.91264e-07','-5.10823e-09','2.69253e-11','-3.5653e-13','7.57445e-07','1.23055e-07','-3.8204e-09','0','0','0','-9.11763e-08','-1.36673e-06','7.12585e-07','-2.10619e-08','1.25651e-08','-9.44714e-09','1.23055e-07','1.16937e-05','-2.88157e-09','0','0','0','5.29062e-09','1.48335e-09','5.05474e-09','1.54836e-10','-6.19547e-11','2.5041e-11','-3.8204e-09','-2.88157e-09','5.54554e-10','0','0','0','0','0','0','0','0','0','0','0','0','0','0','0','0','0','0','0','0','0','0','0','0','0','0','0','0','0','0','0','0','0','0','0','0','0','0','0']

reports.append(Report(577273856, ("DT", -2, 1, 10), "MBwhAst1sec10"))
reports[-1].posNum = 611
reports[-1].negNum = 0
reports[-1].fittype = "6DOF"
reports[-1].add_parameters(ValErr(0.00196132, 0.0014687, 0), \
                           ValErr(0.110536, 0.0127949, 0), \
                           ValErr(-0.0136668, 0.00996906, 0), \
                           ValErr(0.000169125, 6.26502e-05, 0), \
                           ValErr(-5.83185e-05, 3.15511e-05, 0), \
                           ValErr(7.18608e-05, 2.00825e-05, 0), \
                           5429.9, 611, 611, -nan)
reports[-1].sigmax = ValErr(0.0274129, 0.000795954, 0)
reports[-1].sigmay = ValErr(0.104343, 0.00300935, 0)
reports[-1].sigmadxdz = ValErr(0.000684423, 1.96295e-05, 0)
reports[-1].sigmadydz = ValErr(0, 0, 0)
reports[-1].add_stats(0.00134849, 0.0982296, 5.49824e-05, -0.0157143, 0.00150151, 0.0932167, 4.64154e-05, -0.0146798, 0.00150151, 0.0932167, 4.64154e-05, -0.0146798, 0.00321025, 0.0923964, 7.47894e-05, -0.0144304, 0.00321025, 0.0923964, 7.47894e-05, -0.0144304, 0.0273088, 0.106119, 0.000683092, 0.0168387, 0.0273088, 0.106119, 0.000683092, 0.0168387)
reports[-1].CovMatrix = ['2.15707e-06','1.10113e-05','-9.08412e-06','9.84799e-09','4.68858e-09','-3.07857e-09','-4.67757e-08','2.87746e-08','-5.73222e-11','0','0','0','1.10113e-05','0.000163709','-0.00012043','1.48958e-07','-4.07592e-08','2.7764e-08','-1.65863e-07','-1.21409e-06','1.15274e-09','0','0','0','-9.08412e-06','-0.00012043','9.93821e-05','-1.05016e-07','3.71705e-08','-2.29427e-08','1.50995e-07','8.44728e-07','-1.30325e-09','0','0','0','9.84799e-09','1.48958e-07','-1.05016e-07','3.92505e-09','-6.17714e-13','3.52991e-10','1.06429e-09','-6.19279e-09','1.28281e-11','0','0','0','4.68858e-09','-4.07592e-08','3.71705e-08','-6.17714e-13','9.9547e-10','-3.53841e-10','-1.44465e-09','1.08836e-08','-3.41623e-11','0','0','0','-3.07857e-09','2.7764e-08','-2.29427e-08','3.52991e-10','-3.53841e-10','4.03307e-10','1.78543e-09','-6.55274e-09','-2.13302e-12','0','0','0','-4.67757e-08','-1.65863e-07','1.50995e-07','1.06429e-09','-1.44465e-09','1.78543e-09','6.33543e-07','-6.50936e-08','5.81435e-11','0','0','0','2.87746e-08','-1.21409e-06','8.44728e-07','-6.19279e-09','1.08836e-08','-6.55274e-09','-6.50936e-08','9.05619e-06','9.14283e-12','0','0','0','-5.73222e-11','1.15274e-09','-1.30325e-09','1.28281e-11','-3.41623e-11','-2.13302e-12','5.81435e-11','9.14283e-12','3.85317e-10','0','0','0','0','0','0','0','0','0','0','0','0','0','0','0','0','0','0','0','0','0','0','0','0','0','0','0','0','0','0','0','0','0','0','0','0','0','0','0']

reports.append(Report(577536000, ("DT", -2, 1, 11), "MBwhAst1sec11"))
reports[-1].posNum = 743
reports[-1].negNum = 0
reports[-1].fittype = "6DOF"
reports[-1].add_parameters(ValErr(8.19632e-05, 0.00137077, 0), \
                           ValErr(0.109313, 0.011349, 0), \
                           ValErr(-0.0106953, 0.00866547, 0), \
                           ValErr(0.000165304, 6.27279e-05, 0), \
                           ValErr(-9.30678e-05, 2.94998e-05, 0), \
                           ValErr(8.69496e-05, 1.88442e-05, 0), \
                           6548.73, 743, 743, -nan)
reports[-1].sigmax = ValErr(0.0262866, 0.000685876, 0)
reports[-1].sigmay = ValErr(0.114994, 0.00300524, 0)
reports[-1].sigmadxdz = ValErr(0.000696708, 1.81256e-05, 0)
reports[-1].sigmadydz = ValErr(0, 0, 0)
reports[-1].add_stats(0.00129348, 0.100127, 3.31352e-05, -0.0161744, 0.000174104, 0.097117, 2.69337e-05, -0.0153459, 0.000174104, 0.097117, 2.69337e-05, -0.0153459, 0.00219902, 0.0984836, 6.7329e-05, -0.0156522, 0.00219902, 0.0984836, 6.7329e-05, -0.0156522, 0.0262263, 0.11736, 0.000695287, 0.0184271, 0.0262263, 0.11736, 0.000695287, 0.0184271)
reports[-1].CovMatrix = ['1.879e-06','9.873e-06','-8.02788e-06','6.10984e-09','5.62088e-09','-4.13916e-09','-1.73929e-08','8.08778e-08','1.56184e-11','0','0','0','9.873e-06','0.0001288','-9.11732e-05','9.41492e-08','-1.31263e-08','3.76037e-09','-1.4446e-08','-1.35419e-07','1.51981e-09','0','0','0','-8.02788e-06','-9.11732e-05','7.50904e-05','-5.98979e-08','2.13611e-08','-6.59785e-09','-2.72821e-09','2.23543e-07','-1.4339e-09','0','0','0','6.10984e-09','9.41492e-08','-5.98979e-08','3.93479e-09','1.25147e-10','3.55959e-10','1.03354e-09','-6.06346e-09','1.21809e-11','0','0','0','5.62088e-09','-1.31263e-08','2.13611e-08','1.25147e-10','8.70237e-10','-3.03161e-10','-1.1036e-09','9.64685e-09','-2.84597e-11','0','0','0','-4.13916e-09','3.76037e-09','-6.59785e-09','3.55959e-10','-3.03161e-10','3.55105e-10','1.38109e-09','-5.65201e-09','-2.0311e-12','0','0','0','-1.73929e-08','-1.4446e-08','-2.72821e-09','1.03354e-09','-1.1036e-09','1.38109e-09','4.70426e-07','-2.09352e-08','-1.59894e-11','0','0','0','8.08778e-08','-1.35419e-07','2.23543e-07','-6.06346e-09','9.64685e-09','-5.65201e-09','-2.09352e-08','9.03148e-06','-2.46628e-10','0','0','0','1.56184e-11','1.51981e-09','-1.4339e-09','1.21809e-11','-2.84597e-11','-2.0311e-12','-1.59894e-11','-2.46628e-10','3.28536e-10','0','0','0','0','0','0','0','0','0','0','0','0','0','0','0','0','0','0','0','0','0','0','0','0','0','0','0','0','0','0','0','0','0','0','0','0','0','0','0']

reports.append(Report(577798144, ("DT", -2, 1, 12), "MBwhAst1sec12"))
reports[-1].posNum = 897
reports[-1].negNum = 0
reports[-1].fittype = "6DOF"
reports[-1].add_parameters(ValErr(0.00123562, 0.00123308, 0), \
                           ValErr(0.103378, 0.0105001, 0), \
                           ValErr(-0.0063879, 0.00812037, 0), \
                           ValErr(0.00017843, 6.22458e-05, 0), \
                           ValErr(-3.21759e-05, 2.80125e-05, 0), \
                           ValErr(5.16656e-05, 1.83993e-05, 0), \
                           7862.69, 897, 897, -nan)
reports[-1].sigmax = ValErr(0.0270146, 0.000653243, 0)
reports[-1].sigmay = ValErr(0.11611, 0.00287393, 0)
reports[-1].sigmadxdz = ValErr(0.000704719, 1.67134e-05, 0)
reports[-1].sigmadydz = ValErr(0, 0, 0)
reports[-1].add_stats(0.00159359, 0.100358, 4.45368e-05, -0.0157166, 0.00146649, 0.0926934, 3.91241e-05, -0.0146583, 0.00146649, 0.0926934, 3.91241e-05, -0.0146583, 0.00162681, 0.0928769, 3.58763e-05, -0.0146267, 0.00162681, 0.0928769, 3.58763e-05, -0.0146267, 0.0268973, 0.117512, 0.000703377, 0.018257, 0.0268973, 0.117512, 0.000703377, 0.018257)
reports[-1].CovMatrix = ['1.52049e-06','6.97453e-06','-5.7701e-06','1.31609e-09','6.50283e-09','-6.17025e-09','-1.88008e-08','2.16226e-07','-8.67496e-11','0','0','0','6.97453e-06','0.000110253','-7.86215e-05','8.21476e-08','-3.08386e-08','1.66882e-08','-4.19107e-08','2.39717e-08','9.37439e-10','0','0','0','-5.7701e-06','-7.86215e-05','6.59404e-05','-1.49855e-08','2.58562e-08','-9.77145e-09','9.88727e-08','5.59076e-08','-7.72051e-10','0','0','0','1.31609e-09','8.21476e-08','-1.49855e-08','3.87454e-09','2.36662e-11','3.18191e-10','1.65585e-09','-1.44731e-08','2.96083e-11','0','0','0','6.50283e-09','-3.08386e-08','2.58562e-08','2.36662e-11','7.84703e-10','-2.99315e-10','-1.23484e-09','5.13004e-09','-2.03236e-11','0','0','0','-6.17025e-09','1.66882e-08','-9.77145e-09','3.18191e-10','-2.99315e-10','3.38533e-10','1.33323e-09','-4.1336e-09','2.84104e-12','0','0','0','-1.88008e-08','-4.19107e-08','9.88727e-08','1.65585e-09','-1.23484e-09','1.33323e-09','4.26726e-07','6.5379e-08','8.69061e-11','0','0','0','2.16226e-07','2.39717e-08','5.59076e-08','-1.44731e-08','5.13004e-09','-4.1336e-09','6.5379e-08','8.25947e-06','-1.4597e-10','0','0','0','-8.67496e-11','9.37439e-10','-7.72051e-10','2.96083e-11','-2.03236e-11','2.84104e-12','8.69061e-11','-1.4597e-10','2.79338e-10','0','0','0','0','0','0','0','0','0','0','0','0','0','0','0','0','0','0','0','0','0','0','0','0','0','0','0','0','0','0','0','0','0','0','0','0','0','0','0']

reports.append(Report(579108864, ("DT", -2, 2, 1), "MBwhAst2sec01"))
reports[-1].posNum = 998
reports[-1].negNum = 0
reports[-1].fittype = "6DOF"
reports[-1].add_parameters(ValErr(2.61802e-05, 5.81814e-05, 0), \
                           ValErr(-0.0126076, 0.00338555, 0), \
                           ValErr(-0.00164181, 0.000375676, 0), \
                           ValErr(-5.62621e-06, 7.43493e-06, 0), \
                           ValErr(1.00173e-05, 5.8647e-06, 0), \
                           ValErr(8.74409e-07, 9.21943e-07, 0), \
                           12623.5, 998, 998, -nan)
reports[-1].sigmax = ValErr(0.00129059, 2.88985e-05, 0)
reports[-1].sigmay = ValErr(0.106299, 0.00237968, 0)
reports[-1].sigmadxdz = ValErr(0.000331656, 7.42603e-06, 0)
reports[-1].sigmadydz = ValErr(0, 0, 0)
reports[-1].add_stats(5.61751e-05, -0.0128601, -2.48457e-06, 0.00199537, 3.91279e-05, -0.0142303, 1.04712e-07, 0.00260922, 3.91279e-05, -0.0142303, 1.04712e-07, 0.00260922, -5.17648e-06, -0.0172621, -1.7112e-05, 0.00315848, -5.17648e-06, -0.0172621, -1.7112e-05, 0.00315848, 0.00130428, 0.106246, 0.000331534, 0.0187945, 0.00130428, 0.106246, 0.000331534, 0.0187945)
reports[-1].CovMatrix = ['3.38507e-09','-2.75375e-09','2.95582e-09','2.35067e-11','2.06797e-10','-1.72604e-11','-2.42359e-11','-3.7878e-10','6.63404e-12','0','0','0','-2.75375e-09','1.1462e-05','-1.38557e-07','-1.14474e-10','5.13681e-10','4.36009e-11','-1.12006e-10','-1.65462e-08','1.78216e-11','0','0','0','2.95582e-09','-1.38557e-07','1.41132e-07','5.71447e-10','-5.66971e-10','-6.40143e-11','1.20572e-10','3.95885e-09','-1.46571e-11','0','0','0','2.35067e-11','-1.14474e-10','5.71447e-10','5.52782e-11','-8.0903e-12','-2.43257e-12','1.33074e-12','1.93097e-10','3.28315e-13','0','0','0','2.06797e-10','5.13681e-10','-5.66971e-10','-8.0903e-12','3.43947e-11','-4.25808e-13','-4.84582e-12','-1.04039e-10','1.05083e-12','0','0','0','-1.72604e-11','4.36009e-11','-6.40143e-11','-2.43257e-12','-4.25808e-13','8.49979e-13','-2.53364e-14','-5.4943e-12','-1.06362e-14','0','0','0','-2.42359e-11','-1.12006e-10','1.20572e-10','1.33074e-12','-4.84582e-12','-2.53364e-14','8.35122e-10','1.5389e-11','-1.49116e-13','0','0','0','-3.7878e-10','-1.65462e-08','3.95885e-09','1.93097e-10','-1.04039e-10','-5.4943e-12','1.5389e-11','5.66291e-06','-1.31057e-12','0','0','0','6.63404e-12','1.78216e-11','-1.46571e-11','3.28315e-13','1.05083e-12','-1.06362e-14','-1.49116e-13','-1.31057e-12','5.5146e-11','0','0','0','0','0','0','0','0','0','0','0','0','0','0','0','0','0','0','0','0','0','0','0','0','0','0','0','0','0','0','0','0','0','0','0','0','0','0','0']

reports.append(Report(579371008, ("DT", -2, 2, 2), "MBwhAst2sec02"))
reports[-1].posNum = 1196
reports[-1].negNum = 0
reports[-1].fittype = "6DOF"
reports[-1].add_parameters(ValErr(-0.000401982, 0.000292565, 0), \
                           ValErr(-0.00666204, 0.00400661, 0), \
                           ValErr(-0.00270091, 0.00227128, 0), \
                           ValErr(7.53992e-05, 3.43849e-05, 0), \
                           ValErr(4.12577e-06, 1.14622e-05, 0), \
                           ValErr(3.75087e-06, 5.4079e-06, 0), \
                           12579.3, 1196, 1196, -nan)
reports[-1].sigmax = ValErr(0.00895574, 0.000183254, 0)
reports[-1].sigmay = ValErr(0.112475, 0.00230504, 0)
reports[-1].sigmadxdz = ValErr(0.000380465, 7.78612e-06, 0)
reports[-1].sigmadydz = ValErr(0, 0, 0)
reports[-1].add_stats(-9.45379e-05, -0.00642159, 7.75356e-06, 0.000866228, -0.000338426, -0.00949428, 2.04252e-05, 0.00126807, -0.000338426, -0.00949428, 2.04252e-05, 0.00126807, -0.000658256, -0.0139965, 2.6982e-05, 0.00208416, -0.000658256, -0.0139965, 2.6982e-05, 0.00208416, 0.00896184, 0.112793, 0.000379972, 0.0202637, 0.00896184, 0.112793, 0.000379972, 0.0202637)
reports[-1].CovMatrix = ['8.55942e-08','-2.30776e-07','2.22716e-07','7.21647e-10','9.61325e-10','-4.0098e-10','-4.1302e-11','-4.37205e-09','-7.82436e-12','0','0','0','-2.30776e-07','1.60529e-05','-5.31421e-06','2.38441e-09','4.19526e-10','1.25331e-09','-2.02712e-09','-3.80935e-08','-2.49819e-11','0','0','0','2.22716e-07','-5.31421e-06','5.15872e-06','-1.49797e-09','-6.54009e-10','-1.18685e-09','2.13515e-09','3.02738e-08','3.34702e-11','0','0','0','7.21647e-10','2.38441e-09','-1.49797e-09','1.18232e-09','-2.66101e-11','-4.71944e-11','1.54368e-10','4.28104e-09','8.18946e-12','0','0','0','9.61325e-10','4.19526e-10','-6.54009e-10','-2.66101e-11','1.31381e-10','-2.4824e-11','-2.75473e-11','-1.11344e-09','-2.45168e-12','0','0','0','-4.0098e-10','1.25331e-09','-1.18685e-09','-4.71944e-11','-2.4824e-11','2.92454e-11','2.19154e-11','1.5836e-10','-3.91497e-13','0','0','0','-4.1302e-11','-2.02712e-09','2.13515e-09','1.54368e-10','-2.75473e-11','2.19154e-11','3.35821e-08','9.07892e-10','9.48397e-13','0','0','0','-4.37205e-09','-3.80935e-08','3.02738e-08','4.28104e-09','-1.11344e-09','1.5836e-10','9.07892e-10','5.31322e-06','4.43326e-11','0','0','0','-7.82436e-12','-2.49819e-11','3.34702e-11','8.18946e-12','-2.45168e-12','-3.91497e-13','9.48397e-13','4.43326e-11','6.06237e-11','0','0','0','0','0','0','0','0','0','0','0','0','0','0','0','0','0','0','0','0','0','0','0','0','0','0','0','0','0','0','0','0','0','0','0','0','0','0','0']

reports.append(Report(579633152, ("DT", -2, 2, 3), "MBwhAst2sec03"))
reports[-1].posNum = 876
reports[-1].negNum = 0
reports[-1].fittype = "6DOF"
reports[-1].add_parameters(ValErr(5.42042e-05, 5.88295e-05, 0), \
                           ValErr(-0.0125867, 0.00314068, 0), \
                           ValErr(-0.00167207, 0.000357611, 0), \
                           ValErr(1.16743e-05, 6.89582e-06, 0), \
                           ValErr(8.04343e-06, 5.49941e-06, 0), \
                           ValErr(-2.72748e-06, 9.09713e-07, 0), \
                           11208.9, 876, 876, -nan)
reports[-1].sigmax = ValErr(0.00122526, 2.89749e-05, 0)
reports[-1].sigmay = ValErr(0.101362, 0.00234806, 0)
reports[-1].sigmadxdz = ValErr(0.000316327, 7.52954e-06, 0)
reports[-1].sigmadydz = ValErr(0, 0, 0)
reports[-1].add_stats(5.06931e-05, -0.0151918, 3.45905e-06, 0.00217146, 4.86011e-06, -0.0144949, 4.17256e-06, 0.00218185, 4.86011e-06, -0.0144949, 4.17256e-06, 0.00218185, -5.2376e-05, -0.0193716, 7.27912e-06, 0.00324929, -5.2376e-05, -0.0193716, 7.27912e-06, 0.00324929, 0.00125029, 0.101382, 0.000316264, 0.0179218, 0.00125029, 0.101382, 0.000316264, 0.0179218)
