nan = None;  NAN = None
nan = 0
reports = []
class ValErr:
    def __init__(self, value, error, antisym):
        self.value, self.error, self.antisym = value, error, antisym

    def __repr__(self):
        if self.antisym == 0.:
            return "%g +- %g" % (self.value, self.error)
        else:
            return "%g +- %g ~ %g" % (self.value, self.error, self.antisym)

class Report:
    def __init__(self, chamberId, postal_address, name):
        self.chamberId, self.postal_address, self.name = chamberId, postal_address, name
        self.status = "NOFIT"
        self.fittype = None
        self.CovMatrix = None

    def add_parameters(self, deltax, deltay, deltaz, deltaphix, deltaphiy, deltaphiz, loglikelihood, numsegments, sumofweights, redchi2):
        self.status = "PASS"
        self.deltax, self.deltay, self.deltaz, self.deltaphix, self.deltaphiy, self.deltaphiz = deltax, deltay, deltaz, deltaphix, deltaphiy, deltaphiz
        self.loglikelihood, self.numsegments, self.sumofweights, self.redchi2 = loglikelihood, numsegments, sumofweights, redchi2

    def add_stats(self, median_x, median_y, median_dxdz, median_dydz, mean30_x, mean30_y, mean20_dxdz, mean50_dydz, mean15_x, mean15_y, mean10_dxdz, mean25_dydz, wmean30_x, wmean30_y, wmean20_dxdz, wmean50_dydz, wmean15_x, wmean15_y, wmean10_dxdz, wmean25_dydz, stdev30_x, stdev30_y, stdev20_dxdz, stdev50_dydz, stdev15_x, stdev15_y, stdev10_dxdz, stdev25_dydz):
        self.median_x, self.median_y, self.median_dxdz, self.median_dydz, self.mean30_x, self.mean30_y, self.mean20_dxdz, self.mean50_dydz, self.mean15_x, self.mean15_y, self.mean10_dxdz, self.mean25_dydz, self.wmean30_x, self.wmean30_y, self.wmean20_dxdz, self.wmean50_dydz, self.wmean15_x, self.wmean15_y, self.wmean10_dxdz, self.wmean25_dydz, self.stdev30_x, self.stdev30_y, self.stdev20_dxdz, self.stdev50_dydz, self.stdev15_x, self.stdev15_y, self.stdev10_dxdz, self.stdev25_dydz = median_x, median_y, median_dxdz, median_dydz, mean30_x, mean30_y, mean20_dxdz, mean50_dydz, mean15_x, mean15_y, mean10_dxdz, mean25_dydz, wmean30_x, wmean30_y, wmean20_dxdz, wmean50_dydz, wmean15_x, wmean15_y, wmean10_dxdz, wmean25_dydz, stdev30_x, stdev30_y, stdev20_dxdz, stdev50_dydz, stdev15_x, stdev15_y, stdev10_dxdz, stdev25_dydz

    def __repr__(self):
        return "<Report %s %s %s>" % (self.postal_address[0], " ".join(map(str, self.postal_address[1:])), self.status)

reports.append(Report(574914560, ("DT", -2, 1, 1), "MBwhAst1sec01"))
reports[-1].posNum = 68
reports[-1].negNum = 0
reports[-1].fittype = "6DOF"
reports[-1].add_parameters(ValErr(-0.0259604, 0.00570362, 0), \
                           ValErr(0.058503, 0.0465034, 0), \
                           ValErr(-0.0153164, 0.0355832, 0), \
                           ValErr(-0.000665824, 0.000370884, 0), \
                           ValErr(-0.000828495, 0.000154235, 0), \
                           ValErr(6.96035e-05, 0.000102508, 0), \
                           523.4, 68, 68, -nan)
reports[-1].sigmax = ValErr(0.0345135, 0.0029794, 0)
reports[-1].sigmay = ValErr(0.161134, 0.0139152, 0)
reports[-1].sigmadxdz = ValErr(0.00115706, 9.92924e-05, 0)
reports[-1].sigmadydz = ValErr(0, 0, 0)
reports[-1].add_stats(-0.00399447, 0.0636731, -0.000484314, -0.00209353, -0.0198583, 0.0542764, -0.000710167, -0.00615122, -0.0198583, 0.0542764, -0.000710167, -0.00615122, -0.0203761, 0.0486445, -0.000860862, -0.0044909, -0.0203761, 0.0486445, -0.000860862, -0.0044909, 0.036386, 0.165436, 0.0011586, 0.0272992, 0.036386, 0.165436, 0.0011586, 0.0272992)
reports[-1].CovMatrix = ['3.25312e-05','0.000104419','-9.19145e-05','-9.1302e-08','2.61534e-07','-2.51227e-07','3.35556e-07','-5.11483e-07','-6.84351e-09','0','0','0','0.000104419','0.00216256','-0.00146115','1.85815e-06','-1.05681e-06','6.99983e-07','-2.55729e-06','1.01914e-05','1.80229e-08','0','0','0','-9.19145e-05','-0.00146115','0.00126616','1.48497e-06','7.94043e-07','-2.78769e-07','4.17343e-06','-1.94845e-05','6.58779e-11','0','0','0','-9.1302e-08','1.85815e-06','1.48497e-06','1.37555e-07','8.31462e-12','1.17402e-08','9.67914e-08','-5.2671e-07','6.47483e-10','0','0','0','2.61534e-07','-1.05681e-06','7.94043e-07','8.31462e-12','2.37883e-08','-8.49529e-09','2.70798e-08','-1.13948e-07','-6.99534e-11','0','0','0','-2.51227e-07','6.99983e-07','-2.78769e-07','1.17402e-08','-8.49529e-09','1.05078e-08','-1.23169e-08','1.38001e-08','3.23727e-10','0','0','0','3.35556e-07','-2.55729e-06','4.17343e-06','9.67914e-08','2.70798e-08','-1.23169e-08','8.87687e-06','-5.46696e-07','-3.44496e-11','0','0','0','-5.11483e-07','1.01914e-05','-1.94845e-05','-5.2671e-07','-1.13948e-07','1.38001e-08','-5.46696e-07','0.000193639','-1.46431e-09','0','0','0','-6.84351e-09','1.80229e-08','6.58779e-11','6.47483e-10','-6.99534e-11','3.23727e-10','-3.44496e-11','-1.46431e-09','9.85926e-09','0','0','0','0','0','0','0','0','0','0','0','0','0','0','0','0','0','0','0','0','0','0','0','0','0','0','0','0','0','0','0','0','0','0','0','0','0','0','0']

reports.append(Report(575176704, ("DT", -2, 1, 2), "MBwhAst1sec02"))
reports[-1].posNum = 36
reports[-1].negNum = 0
reports[-1].fittype = "6DOF"
reports[-1].add_parameters(ValErr(-0.0172027, 0.00795114, 0), \
                           ValErr(0.0793166, 0.0740997, 0), \
                           ValErr(0.0356176, 0.0576197, 0), \
                           ValErr(-0.000294918, 0.000384106, 0), \
                           ValErr(0.000173424, 0.000192236, 0), \
                           ValErr(0.000118424, 0.00013037, 0), \
                           280.333, 36, 36, -nan)
reports[-1].sigmax = ValErr(0.0399378, 0.00478961, 0)
reports[-1].sigmay = ValErr(0.13009, 0.0156284, 0)
reports[-1].sigmadxdz = ValErr(0.00113181, 0.000135011, 0)
reports[-1].sigmadydz = ValErr(0, 0, 0)
reports[-1].add_stats(-0.000347629, 0.14144, 0.000523069, -0.0161178, -0.0134643, 0.126224, 0.000461535, -0.017702, -0.0134643, 0.126224, 0.000461535, -0.017702, -0.0168073, 0.121333, 0.000388691, -0.0147013, -0.0168073, 0.121333, 0.000388691, -0.0147013, 0.0396277, 0.129536, 0.00113458, 0.0223833, 0.0396277, 0.129536, 0.00113458, 0.0223833)
reports[-1].CovMatrix = ['6.32206e-05','0.000264503','-0.000218952','2.89275e-07','2.26813e-07','-1.29894e-07','-1.2674e-06','4.06449e-06','2.36979e-09','0','0','0','0.000264503','0.00549077','-0.00407262','6.15815e-06','-2.05171e-06','2.25285e-06','8.03078e-06','-3.7271e-05','1.1073e-07','0','0','0','-0.000218952','-0.00407262','0.00332003','-3.66067e-06','1.23875e-06','-1.52281e-06','-5.32059e-06','2.14761e-05','-4.34316e-08','0','0','0','2.89275e-07','6.15815e-06','-3.66067e-06','1.47538e-07','-1.09889e-08','1.70109e-08','1.37964e-08','-4.37734e-07','3.53198e-09','0','0','0','2.26813e-07','-2.05171e-06','1.23875e-06','-1.09889e-08','3.69545e-08','-1.24612e-08','-7.2012e-08','5.34806e-07','-2.59564e-09','0','0','0','-1.29894e-07','2.25285e-06','-1.52281e-06','1.70109e-08','-1.24612e-08','1.69962e-08','1.09957e-07','-3.08515e-07','-4.08186e-10','0','0','0','-1.2674e-06','8.03078e-06','-5.32059e-06','1.37964e-08','-7.2012e-08','1.09957e-07','2.29408e-05','-1.80179e-06','-6.57263e-09','0','0','0','4.06449e-06','-3.7271e-05','2.14761e-05','-4.37734e-07','5.34806e-07','-3.08515e-07','-1.80179e-06','0.000244261','-2.92711e-08','0','0','0','2.36979e-09','1.1073e-07','-4.34316e-08','3.53198e-09','-2.59564e-09','-4.08186e-10','-6.57263e-09','-2.92711e-08','1.8229e-08','0','0','0','0','0','0','0','0','0','0','0','0','0','0','0','0','0','0','0','0','0','0','0','0','0','0','0','0','0','0','0','0','0','0','0','0','0','0','0']

reports.append(Report(575438848, ("DT", -2, 1, 3), "MBwhAst1sec03"))
reports[-1].posNum = 16
reports[-1].negNum = 0
reports[-1].fittype = "6DOF"
reports[-1].add_parameters(ValErr(0.00101176, 0.00122615, 0), \
                           ValErr(0.0625068, 0.0339506, 0), \
                           ValErr(0.000147702, 0.00903453, 0), \
                           ValErr(-6.27e-05, 0.000137636, 0), \
                           ValErr(0.000211792, 8.2467e-05, 0), \
                           ValErr(1.27784e-05, 1.95378e-05, 0), \
                           181.407, 16, 16, -nan)
reports[-1].sigmax = ValErr(0.0038584, 0.000689603, 0)
reports[-1].sigmay = ValErr(0.128345, 0.022729, 0)
reports[-1].sigmadxdz = ValErr(0.000340828, 6.14426e-05, 0)
reports[-1].sigmadydz = ValErr(0, 0, 0)
reports[-1].add_stats(0.00215252, 0.0611626, 0.000325962, -0.00636613, -0.000124979, 0.0623289, 0.00028681, -0.0106319, -0.000124979, 0.0623289, 0.00028681, -0.0106319, -0.00127301, 0.0624101, 0.000218078, -0.0105932, -0.00127301, 0.0624101, 0.000218078, -0.0105932, 0.00391697, 0.12588, 0.000339181, 0.0202826, 0.00391697, 0.12588, 0.000339181, 0.0202826)
reports[-1].CovMatrix = ['1.50343e-06','6.95749e-06','-5.77103e-06','1.67692e-08','1.86274e-08','1.17914e-09','2.13099e-08','-2.77863e-07','-2.48341e-09','0','0','0','6.95749e-06','0.00115265','-9.90643e-05','8.51159e-08','-2.43873e-07','1.69343e-08','-3.03018e-07','2.46071e-06','3.52404e-08','0','0','0','-5.77103e-06','-9.90643e-05','8.16228e-05','-2.57435e-07','1.91943e-07','-2.93429e-08','2.53491e-07','-3.09743e-06','-3.01856e-08','0','0','0','1.67692e-08','8.51159e-08','-2.57435e-07','1.89436e-08','-7.62592e-10','1.64565e-09','-2.28852e-09','4.49149e-08','3.465e-10','0','0','0','1.86274e-08','-2.43873e-07','1.91943e-07','-7.62592e-10','6.80081e-09','-3.55183e-10','7.80379e-09','-1.06375e-07','-9.58773e-10','0','0','0','1.17914e-09','1.69343e-08','-2.93429e-08','1.64565e-09','-3.55183e-10','3.81724e-10','1.4812e-11','1.08847e-08','3.04899e-11','0','0','0','2.13099e-08','-3.03018e-07','2.53491e-07','-2.28852e-09','7.80379e-09','1.4812e-11','4.75554e-07','-1.18437e-07','-1.2138e-09','0','0','0','-2.77863e-07','2.46071e-06','-3.09743e-06','4.49149e-08','-1.06375e-07','1.08847e-08','-1.18437e-07','0.000516676','1.49702e-08','0','0','0','-2.48341e-09','3.52404e-08','-3.01856e-08','3.465e-10','-9.58773e-10','3.04899e-11','-1.2138e-09','1.49702e-08','3.77533e-09','0','0','0','0','0','0','0','0','0','0','0','0','0','0','0','0','0','0','0','0','0','0','0','0','0','0','0','0','0','0','0','0','0','0','0','0','0','0','0']

reports.append(Report(575700992, ("DT", -2, 1, 4), "MBwhAst1sec04"))
reports[-1].posNum = 63
reports[-1].negNum = 0
reports[-1].fittype = "6DOF"
reports[-1].add_parameters(ValErr(0.0222856, 0.00746137, 0), \
                           ValErr(0.0903128, 0.0662654, 0), \
                           ValErr(0.00881803, 0.0507391, 0), \
                           ValErr(0.000828317, 0.000373039, 0), \
                           ValErr(0.00050783, 0.000191747, 0), \
                           ValErr(-0.000355493, 0.00011723, 0), \
                           449.297, 63, 63, -nan)
reports[-1].sigmax = ValErr(0.0456577, 0.00414478, 0)
reports[-1].sigmay = ValErr(0.180959, 0.0163583, 0)
reports[-1].sigmadxdz = ValErr(0.00137067, 0.000123069, 0)
reports[-1].sigmadydz = ValErr(0, 0, 0)
reports[-1].add_stats(0.000345194, 0.0910351, -0.000264006, -0.0134795, 0.0132757, 0.0926463, 0.000130386, -0.0102416, 0.0132757, 0.0926463, 0.000130386, -0.0102416, 0.0205514, 0.162763, 0.000335397, -0.0182783, 0.0205514, 0.162763, 0.000335397, -0.0182783, 0.0521142, 0.18121, 0.00135441, 0.0276433, 0.0521142, 0.18121, 0.00135441, 0.0276433)
reports[-1].CovMatrix = ['5.56721e-05','0.000231153','-0.000194903','1.81581e-07','3.73545e-07','-3.30992e-07','-2.11774e-06','6.13291e-06','1.84351e-08','0','0','0','0.000231153','0.0043911','-0.0031357','5.74707e-06','-6.15375e-07','8.5795e-08','1.45309e-06','-1.48924e-05','8.01196e-08','0','0','0','-0.000194903','-0.0031357','0.00257446','-2.64381e-06','2.93752e-07','2.14796e-07','-1.62546e-07','9.90559e-06','-7.4608e-08','0','0','0','1.81581e-07','5.74707e-06','-2.64381e-06','1.39158e-07','7.9881e-09','7.08543e-09','-1.10515e-08','1.47594e-07','-6.78179e-10','0','0','0','3.73545e-07','-6.15375e-07','2.93752e-07','7.9881e-09','3.67669e-08','-1.19614e-08','-8.64705e-08','5.11384e-07','-1.24677e-09','0','0','0','-3.30992e-07','8.5795e-08','2.14796e-07','7.08543e-09','-1.19614e-08','1.37428e-08','9.12946e-08','-2.34987e-07','-9.5262e-10','0','0','0','-2.11774e-06','1.45309e-06','-1.62546e-07','-1.10515e-08','-8.64705e-08','9.12946e-08','1.71794e-05','-1.6983e-06','-6.1706e-09','0','0','0','6.13291e-06','-1.48924e-05','9.90559e-06','1.47594e-07','5.11384e-07','-2.34987e-07','-1.6983e-06','0.000267607','-7.12646e-09','0','0','0','1.84351e-08','8.01196e-08','-7.4608e-08','-6.78179e-10','-1.24677e-09','-9.5262e-10','-6.1706e-09','-7.12646e-09','1.51466e-08','0','0','0','0','0','0','0','0','0','0','0','0','0','0','0','0','0','0','0','0','0','0','0','0','0','0','0','0','0','0','0','0','0','0','0','0','0','0','0']

reports.append(Report(575963136, ("DT", -2, 1, 5), "MBwhAst1sec05"))
reports[-1].posNum = 8
reports[-1].negNum = 0
reports[-1].fittype = "6DOF"
reports[-1].add_parameters(ValErr(0.00541778, 0.000622736, 0), \
                           ValErr(0.169032, 0.017312, 0), \
                           ValErr(-0.0521159, 0.0120287, 0), \
                           ValErr(0.00063781, 0.000154108, 0), \
                           ValErr(-0.000312604, 0.000155797, 0), \
                           ValErr(4.93322e-05, 4.27665e-05, 0), \
                           101.561, 8, 8, -nan)
reports[-1].sigmax = ValErr(0.00109707, 0.000287856, 0)
reports[-1].sigmay = ValErr(0.0275363, 0.00731647, 0)
reports[-1].sigmadxdz = ValErr(0.00143768, 0.000380474, 0)
reports[-1].sigmadydz = ValErr(0, 0, 0)
reports[-1].add_stats(0.000198635, 0.106983, -0.00171554, -0.0163477, -0.00142075, 0.0949758, -0.00173739, -0.0161793, -0.00142075, 0.0949758, -0.00173739, -0.0161793, -0.00593792, 0.123414, -0.00164052, -0.0203405, -0.00593792, 0.123414, -0.00164052, -0.0203405, 0.00601779, 0.0250924, 0.000348972, 0.0037845, 0.00601779, 0.0250924, 0.000348972, 0.0037845)
reports[-1].CovMatrix = ['3.878e-07','2.90466e-06','-1.84162e-06','3.18143e-08','-5.9822e-09','5.16823e-09','-1.43627e-08','-4.51683e-07','-3.68997e-09','0','0','0','2.90466e-06','0.000299705','-0.000167693','1.63065e-06','-2.01835e-06','5.6309e-07','7.12661e-08','-2.76083e-05','-1.52772e-06','0','0','0','-1.84162e-06','-0.000167693','0.000144689','-1.06469e-06','1.76681e-06','-4.3281e-07','-2.91339e-07','1.86046e-05','1.36347e-06','0','0','0','3.18143e-08','1.63065e-06','-1.06469e-06','2.37492e-08','-1.35044e-08','5.72106e-09','-7.61771e-09','-3.80977e-07','-9.49448e-09','0','0','0','-5.9822e-09','-2.01835e-06','1.76681e-06','-1.35044e-08','2.42728e-08','-5.35631e-09','-4.83747e-09','2.44156e-07','1.92724e-08','0','0','0','5.16823e-09','5.6309e-07','-4.3281e-07','5.72106e-09','-5.35631e-09','1.82897e-09','-8.09641e-10','-9.47649e-08','-3.83572e-09','0','0','0','-1.43627e-08','7.12661e-08','-2.91339e-07','-7.61771e-09','-4.83747e-09','-8.09641e-10','8.28611e-08','1.06993e-07','-4.77626e-09','0','0','0','-4.51683e-07','-2.76083e-05','1.86046e-05','-3.80977e-07','2.44156e-07','-9.47649e-08','1.06993e-07','5.35342e-05','1.75886e-07','0','0','0','-3.68997e-09','-1.52772e-06','1.36347e-06','-9.49448e-09','1.92724e-08','-3.83572e-09','-4.77626e-09','1.75886e-07','1.4481e-07','0','0','0','0','0','0','0','0','0','0','0','0','0','0','0','0','0','0','0','0','0','0','0','0','0','0','0','0','0','0','0','0','0','0','0','0','0','0','0']

reports.append(Report(576225280, ("DT", -2, 1, 6), "MBwhAst1sec06"))
reports[-1].posNum = 41
reports[-1].negNum = 0
reports[-1].fittype = "6DOF"
reports[-1].add_parameters(ValErr(0.000537725, 0.0010755, 0), \
                           ValErr(0.130068, 0.0202707, 0), \
                           ValErr(-0.0428969, 0.00809325, 0), \
                           ValErr(0.000254555, 0.000156212, 0), \
                           ValErr(-0.00100187, 6.8127e-05, 0), \
                           ValErr(-4.40641e-05, 2.00798e-05, 0), \
                           452.575, 41, 41, -nan)
reports[-1].sigmax = ValErr(0.00494137, 0.000589654, 0)
reports[-1].sigmay = ValErr(0.114642, 0.0127994, 0)
reports[-1].sigmadxdz = ValErr(0.000401873, 4.93424e-05, 0)
reports[-1].sigmadydz = ValErr(0, 0, 0)
reports[-1].add_stats(0.000479497, 0.0872794, -0.00106644, -0.0150104, 0.00014991, 0.0732882, -0.00122786, -0.0121676, 0.00014991, 0.0732882, -0.00122786, -0.0121676, 0.00072142, 0.0934333, -0.00130663, -0.0154286, 0.00072142, 0.0934333, -0.00130663, -0.0154286, 0.00497763, 0.118945, 0.000367265, 0.0192505, 0.00497763, 0.118945, 0.000367265, 0.0192505)
reports[-1].CovMatrix = ['1.1567e-06','5.92271e-06','-5.18042e-06','-2.86937e-08','8.75701e-09','-6.69684e-09','-1.43033e-08','-2.86659e-07','1.77733e-10','0','0','0','5.92271e-06','0.000410902','-7.56983e-05','-1.53543e-07','-1.89325e-07','-9.26656e-09','5.25642e-07','-5.73741e-06','-6.20896e-08','0','0','0','-5.18042e-06','-7.56983e-05','6.55007e-05','3.51596e-07','1.56984e-07','2.47101e-08','-4.05532e-07','6.7876e-06','5.74088e-08','0','0','0','-2.86937e-08','-1.53543e-07','3.51596e-07','2.44023e-08','9.85891e-10','1.75568e-09','5.43839e-10','2.66032e-07','9.13421e-10','0','0','0','8.75701e-09','-1.89325e-07','1.56984e-07','9.85891e-10','4.64129e-09','-1.69865e-10','-1.4046e-08','6.40852e-08','1.3749e-09','0','0','0','-6.69684e-09','-9.26656e-09','2.47101e-08','1.75568e-09','-1.69865e-10','4.03199e-10','-5.86287e-10','1.43222e-08','1.00528e-10','0','0','0','-1.43033e-08','5.25642e-07','-4.05532e-07','5.43839e-10','-1.4046e-08','-5.86287e-10','3.47692e-07','-1.45274e-07','-4.61035e-09','0','0','0','-2.86659e-07','-5.73741e-06','6.7876e-06','2.66032e-07','6.40852e-08','1.43222e-08','-1.45274e-07','0.000163833','2.46632e-08','0','0','0','1.77733e-10','-6.20896e-08','5.74088e-08','9.13421e-10','1.3749e-09','1.00528e-10','-4.61035e-09','2.46632e-08','2.43472e-09','0','0','0','0','0','0','0','0','0','0','0','0','0','0','0','0','0','0','0','0','0','0','0','0','0','0','0','0','0','0','0','0','0','0','0','0','0','0','0']

reports.append(Report(576487424, ("DT", -2, 1, 7), "MBwhAst1sec07"))
reports[-1].posNum = 0
reports[-1].negNum = 0
reports[-1].status = "TOOFEWHITS"

reports.append(Report(576749568, ("DT", -2, 1, 8), "MBwhAst1sec08"))
reports[-1].posNum = 64
reports[-1].negNum = 0
reports[-1].fittype = "6DOF"
reports[-1].add_parameters(ValErr(-0.00933973, 0.00514327, 0), \
                           ValErr(0.117677, 0.0430358, 0), \
                           ValErr(0.0187978, 0.033663, 0), \
                           ValErr(2.49654e-05, 0.000286475, 0), \
                           ValErr(-4.52505e-05, 0.000135414, 0), \
                           ValErr(-1.52963e-05, 8.03812e-05, 0), \
                           518.072, 64, 64, -nan)
reports[-1].sigmax = ValErr(0.0299546, 0.00265243, 0)
reports[-1].sigmay = ValErr(0.133164, 0.0118947, 0)
reports[-1].sigmadxdz = ValErr(0.00108358, 9.62309e-05, 0)
reports[-1].sigmadydz = ValErr(0, 0, 0)
reports[-1].add_stats(-9.82384e-05, 0.13608, 0.000221867, -0.0135688, -0.00776699, 0.139343, -9.722e-05, -0.0179771, -0.00776699, 0.139343, -9.722e-05, -0.0179771, -0.00769825, 0.12681, 6.92685e-05, -0.0171305, -0.00769825, 0.12681, 6.92685e-05, -0.0171305, 0.0299736, 0.133432, 0.001082, 0.0203227, 0.0299736, 0.133432, 0.001082, 0.0203227)
reports[-1].CovMatrix = ['2.64532e-05','0.00010992','-9.31378e-05','-2.39531e-08','1.21861e-07','-1.2993e-07','-4.50786e-08','3.13432e-07','-2.02262e-10','0','0','0','0.00010992','0.00185208','-0.00131672','9.50203e-07','-9.95346e-07','5.04978e-07','-2.55577e-06','1.03116e-05','1.34527e-08','0','0','0','-9.31378e-05','-0.00131672','0.0011332','8.28677e-07','8.70386e-07','-3.07829e-07','2.86479e-06','-1.77808e-05','4.03467e-08','0','0','0','-2.39531e-08','9.50203e-07','8.28677e-07','8.20678e-08','-4.58507e-10','6.85506e-09','3.42568e-08','-4.59106e-07','2.5702e-09','0','0','0','1.21861e-07','-9.95346e-07','8.70386e-07','-4.58507e-10','1.83368e-08','-4.75216e-09','5.36319e-09','-6.45013e-08','3.48651e-10','0','0','0','-1.2993e-07','5.04978e-07','-3.07829e-07','6.85506e-09','-4.75216e-09','6.46113e-09','-3.89192e-09','-7.84699e-09','2.11479e-10','0','0','0','-4.50786e-08','-2.55577e-06','2.86479e-06','3.42568e-08','5.36319e-09','-3.89192e-09','7.03546e-06','-2.45415e-07','1.08021e-09','0','0','0','3.13432e-07','1.03116e-05','-1.77808e-05','-4.59106e-07','-6.45013e-08','-7.84699e-09','-2.45415e-07','0.000141489','-1.54506e-08','0','0','0','-2.02262e-10','1.34527e-08','4.03467e-08','2.5702e-09','3.48651e-10','2.11479e-10','1.08021e-09','-1.54506e-08','9.26066e-09','0','0','0','0','0','0','0','0','0','0','0','0','0','0','0','0','0','0','0','0','0','0','0','0','0','0','0','0','0','0','0','0','0','0','0','0','0','0','0']

reports.append(Report(577011712, ("DT", -2, 1, 9), "MBwhAst1sec09"))
reports[-1].posNum = 37
reports[-1].negNum = 0
reports[-1].fittype = "6DOF"
reports[-1].add_parameters(ValErr(0.00139772, 0.000803217, 0), \
                           ValErr(0.0865184, 0.0251355, 0), \
                           ValErr(-0.0236668, 0.00609704, 0), \
                           ValErr(-0.000167859, 0.000117451, 0), \
                           ValErr(-0.000150202, 4.58788e-05, 0), \
                           ValErr(-9.99543e-06, 1.62715e-05, 0), \
                           424.37, 37, 37, -nan)
reports[-1].sigmax = ValErr(0.00341703, 0.000420954, 0)
reports[-1].sigmay = ValErr(0.139994, 0.0162128, 0)
reports[-1].sigmadxdz = ValErr(0.000309316, 3.61333e-05, 0)
reports[-1].sigmadydz = ValErr(0, 0, 0)
reports[-1].add_stats(-0.00103271, 0.0733434, -8.15119e-05, -0.0117865, -0.000100541, 0.0591938, -0.000109464, -0.00953933, -0.000100541, 0.0591938, -0.000109464, -0.00953933, 0.000317388, 0.0733593, -0.000134071, -0.0120196, 0.000317388, 0.0733593, -0.000134071, -0.0120196, 0.00413148, 0.13912, 0.00030532, 0.0224241, 0.00413148, 0.13912, 0.00030532, 0.0224241)
reports[-1].CovMatrix = ['6.45157e-07','4.67063e-06','-3.10906e-06','-1.61333e-08','1.23849e-09','-3.17301e-09','-5.71134e-09','-3.3004e-07','-2.38954e-11','0','0','0','4.67063e-06','0.000631792','-4.80879e-05','-8.70147e-09','-9.99145e-08','9.35852e-09','-2.36915e-07','-4.04924e-06','9.98855e-09','0','0','0','-3.10906e-06','-4.80879e-05','3.71739e-05','1.58346e-07','8.7712e-08','1.42662e-08','-8.66172e-08','2.6345e-06','-8.8595e-09','0','0','0','-1.61333e-08','-8.70147e-09','1.58346e-07','1.37947e-08','8.16445e-10','1.2971e-09','-9.58653e-09','8.59357e-08','-1.9852e-10','0','0','0','1.23849e-09','-9.99145e-08','8.7712e-08','8.16445e-10','2.10487e-09','5.59682e-12','-3.68241e-09','-2.30789e-09','-2.65073e-10','0','0','0','-3.17301e-09','9.35852e-09','1.42662e-08','1.2971e-09','5.59682e-12','2.64762e-10','-1.08891e-09','7.9522e-09','-2.79455e-11','0','0','0','-5.71134e-09','-2.36915e-07','-8.66172e-08','-9.58653e-09','-3.68241e-09','-1.08891e-09','1.77202e-07','-4.17444e-08','6.47108e-10','0','0','0','-3.3004e-07','-4.04924e-06','2.6345e-06','8.59357e-08','-2.30789e-09','7.9522e-09','-4.17444e-08','0.000262872','2.14353e-09','0','0','0','-2.38954e-11','9.98855e-09','-8.8595e-09','-1.9852e-10','-2.65073e-10','-2.79455e-11','6.47108e-10','2.14353e-09','1.30563e-09','0','0','0','0','0','0','0','0','0','0','0','0','0','0','0','0','0','0','0','0','0','0','0','0','0','0','0','0','0','0','0','0','0','0','0','0','0','0','0']

reports.append(Report(577273856, ("DT", -2, 1, 10), "MBwhAst1sec10"))
reports[-1].posNum = 39
reports[-1].negNum = 0
reports[-1].fittype = "6DOF"
reports[-1].add_parameters(ValErr(0.00936884, 0.00369327, 0), \
                           ValErr(0.158149, 0.0414403, 0), \
                           ValErr(-0.063631, 0.0246585, 0), \
                           ValErr(-0.000728805, 0.00031858, 0), \
                           ValErr(-0.0004378, 8.94265e-05, 0), \
                           ValErr(-0.000170044, 5.87575e-05, 0), \
                           361.2, 39, 39, -nan)
reports[-1].sigmax = ValErr(0.0168391, 0.00205434, 0)
reports[-1].sigmay = ValErr(0.191469, 0.022232, 0)
reports[-1].sigmadxdz = ValErr(0.000417505, 4.81053e-05, 0)
reports[-1].sigmadydz = ValErr(0, 0, 0)
reports[-1].add_stats(-0.000285212, 0.112877, -0.000657011, -0.0193096, 0.00349469, 0.0977341, -0.00058617, -0.0146115, 0.00349469, 0.0977341, -0.00058617, -0.0146115, 0.00422376, 0.0948198, -0.000597246, -0.0142693, 0.00422376, 0.0948198, -0.000597246, -0.0142693, 0.0203281, 0.181297, 0.000404828, 0.0291557, 0.0203281, 0.181297, 0.000404828, 0.0291557)
reports[-1].CovMatrix = ['1.36402e-05','5.06593e-05','-4.7438e-05','-1.92388e-07','1.08208e-07','-1.03511e-07','-4.3413e-07','1.34644e-06','7.94524e-09','0','0','0','5.06593e-05','0.00171729','-0.000665443','-5.11899e-07','-1.61786e-07','-4.03127e-08','-2.9721e-06','2.94488e-05','1.15988e-08','0','0','0','-4.7438e-05','-0.000665443','0.00060804','2.39779e-06','1.30931e-07','1.84003e-07','7.13209e-06','-5.09261e-05','-6.46857e-08','0','0','0','-1.92388e-07','-5.11899e-07','2.39779e-06','1.01493e-07','2.45555e-09','6.20916e-09','2.41377e-07','-1.44912e-06','-2.77521e-09','0','0','0','1.08208e-07','-1.61786e-07','1.30931e-07','2.45555e-09','7.99711e-09','-3.24488e-09','1.30794e-08','-1.89251e-07','9.45922e-11','0','0','0','-1.03511e-07','-4.03127e-08','1.84003e-07','6.20916e-09','-3.24488e-09','3.45244e-09','1.0896e-08','-6.51517e-09','-2.53312e-10','0','0','0','-4.3413e-07','-2.9721e-06','7.13209e-06','2.41377e-07','1.30794e-08','1.0896e-08','4.22035e-06','-3.63541e-06','-6.44581e-09','0','0','0','1.34644e-06','2.94488e-05','-5.09261e-05','-1.44912e-06','-1.89251e-07','-6.51517e-09','-3.63541e-06','0.000494304','3.63394e-08','0','0','0','7.94524e-09','1.15988e-08','-6.46857e-08','-2.77521e-09','9.45922e-11','-2.53312e-10','-6.44581e-09','3.63394e-08','2.31416e-09','0','0','0','0','0','0','0','0','0','0','0','0','0','0','0','0','0','0','0','0','0','0','0','0','0','0','0','0','0','0','0','0','0','0','0','0','0','0','0']

reports.append(Report(577536000, ("DT", -2, 1, 11), "MBwhAst1sec11"))
reports[-1].posNum = 52
reports[-1].negNum = 0
reports[-1].fittype = "6DOF"
reports[-1].add_parameters(ValErr(-0.000445776, 0.00666685, 0), \
                           ValErr(0.118009, 0.0545763, 0), \
                           ValErr(-0.0524746, 0.0413369, 0), \
                           ValErr(-0.000131559, 0.000324163, 0), \
                           ValErr(-0.00134697, 0.000141773, 0), \
                           ValErr(5.56569e-05, 0.000100123, 0), \
                           429.042, 52, 52, -nan)
reports[-1].sigmax = ValErr(0.0341208, 0.00349513, 0)
reports[-1].sigmay = ValErr(0.157343, 0.0164383, 0)
reports[-1].sigmadxdz = ValErr(0.000688848, 7.01087e-05, 0)
reports[-1].sigmadydz = ValErr(0, 0, 0)
reports[-1].add_stats(-0.00081064, 0.0582538, -0.0012325, -0.0103454, 0.00256053, 0.0665304, -0.00138431, -0.0100188, 0.00256053, 0.0665304, -0.00138431, -0.0100188, 0.00213969, 0.0668414, -0.0014484, -0.0106391, 0.00213969, 0.0668414, -0.0014484, -0.0106391, 0.0336651, 0.141704, 0.000682811, 0.0235108, 0.0336651, 0.141704, 0.000682811, 0.0235108)
reports[-1].CovMatrix = ['4.44469e-05','0.000208683','-0.000170735','5.07375e-08','2.44145e-07','-2.07812e-07','1.48369e-06','-6.44815e-06','-1.02015e-09','0','0','0','0.000208683','0.00297857','-0.00205751','2.07453e-06','-9.34367e-08','3.80846e-08','-6.12486e-06','1.9591e-05','4.32316e-08','0','0','0','-0.000170735','-0.00205751','0.00170874','-4.29594e-07','3.16214e-07','-3.48274e-08','6.11854e-06','-3.44018e-05','2.51703e-08','0','0','0','5.07375e-08','2.07453e-06','-4.29594e-07','1.05082e-07','6.64278e-09','7.76374e-09','7.63747e-09','-1.07568e-06','4.61755e-09','0','0','0','2.44145e-07','-9.34367e-08','3.16214e-07','6.64278e-09','2.00995e-08','-9.73281e-09','9.092e-08','-6.85083e-07','1.17756e-09','0','0','0','-2.07812e-07','3.80846e-08','-3.48274e-08','7.76374e-09','-9.73281e-09','1.00247e-08','-9.53943e-08','3.13758e-07','5.56367e-10','0','0','0','1.48369e-06','-6.12486e-06','6.11854e-06','7.63747e-09','9.092e-08','-9.53943e-08','1.22161e-05','-3.8956e-06','-3.58356e-09','0','0','0','-6.44815e-06','1.9591e-05','-3.44018e-05','-1.07568e-06','-6.85083e-07','3.13758e-07','-3.8956e-06','0.000270233','-6.31872e-08','0','0','0','-1.02015e-09','4.32316e-08','2.51703e-08','4.61755e-09','1.17756e-09','5.56367e-10','-3.58356e-09','-6.31872e-08','4.91535e-09','0','0','0','0','0','0','0','0','0','0','0','0','0','0','0','0','0','0','0','0','0','0','0','0','0','0','0','0','0','0','0','0','0','0','0','0','0','0','0']

reports.append(Report(577798144, ("DT", -2, 1, 12), "MBwhAst1sec12"))
reports[-1].posNum = 46
reports[-1].negNum = 0
reports[-1].fittype = "6DOF"
reports[-1].add_parameters(ValErr(-0.00239852, 0.00672096, 0), \
                           ValErr(0.173369, 0.052534, 0), \
                           ValErr(-0.0864504, 0.0396119, 0), \
                           ValErr(-2.11609e-05, 0.000333569, 0), \
                           ValErr(-0.00147972, 0.000187424, 0), \
                           ValErr(-0.000109035, 0.000102195, 0), \
                           358.248, 46, 46, -nan)
reports[-1].sigmax = ValErr(0.0333168, 0.00370835, 0)
reports[-1].sigmay = ValErr(0.157375, 0.017573, 0)
reports[-1].sigmadxdz = ValErr(0.0011204, 0.000125286, 0)
reports[-1].sigmadydz = ValErr(0, 0, 0)
reports[-1].add_stats(0.00167987, 0.0920913, -0.00200946, -0.0135682, -0.00400312, 0.0739388, -0.00191455, -0.0100277, -0.00400312, 0.0739388, -0.00191455, -0.0100277, -0.00610887, 0.0584852, -0.00205846, -0.00748808, -0.00610887, 0.0584852, -0.00205846, -0.00748808, 0.0305898, 0.140639, 0.00107929, 0.023444, 0.0305898, 0.140639, 0.00107929, 0.023444)
reports[-1].CovMatrix = ['4.51713e-05','0.000170412','-0.000141108','-3.29485e-08','2.78222e-07','-2.36988e-07','7.90336e-07','-1.32722e-05','-2.54058e-09','0','0','0','0.000170412','0.00275982','-0.00183978','1.17536e-06','-1.27469e-06','3.15896e-07','-1.25532e-05','3.53726e-05','-2.43315e-07','0','0','0','-0.000141108','-0.00183978','0.00156911','7.83153e-07','1.34048e-06','-1.75067e-07','8.21614e-06','-4.31042e-05','3.33739e-07','0','0','0','-3.29485e-08','1.17536e-06','7.83153e-07','1.11268e-07','5.9406e-09','7.95234e-09','8.55104e-09','-3.31479e-07','2.85765e-09','0','0','0','2.78222e-07','-1.27469e-06','1.34048e-06','5.9406e-09','3.51277e-08','-8.48808e-09','4.38342e-08','-1.1111e-06','6.54769e-09','0','0','0','-2.36988e-07','3.15896e-07','-1.75067e-07','7.95234e-09','-8.48808e-09','1.04438e-08','-1.02645e-07','4.16153e-07','6.78666e-10','0','0','0','7.90336e-07','-1.25532e-05','8.21614e-06','8.55104e-09','4.38342e-08','-1.02645e-07','1.3752e-05','-1.56277e-06','-1.53012e-08','0','0','0','-1.32722e-05','3.53726e-05','-4.31042e-05','-3.31479e-07','-1.1111e-06','4.16153e-07','-1.56277e-06','0.00030883','-1.55757e-07','0','0','0','-2.54058e-09','-2.43315e-07','3.33739e-07','2.85765e-09','6.54769e-09','6.78666e-10','-1.53012e-08','-1.55757e-07','1.56972e-08','0','0','0','0','0','0','0','0','0','0','0','0','0','0','0','0','0','0','0','0','0','0','0','0','0','0','0','0','0','0','0','0','0','0','0','0','0','0','0']

reports.append(Report(579108864, ("DT", -2, 2, 1), "MBwhAst2sec01"))
reports[-1].posNum = 63
reports[-1].negNum = 0
reports[-1].fittype = "6DOF"
reports[-1].add_parameters(ValErr(0.0007273, 0.000299238, 0), \
                           ValErr(-0.00045809, 0.0167992, 0), \
                           ValErr(-0.000605482, 0.00213357, 0), \
                           ValErr(9.15951e-05, 4.10128e-05, 0), \
                           ValErr(9.70683e-05, 3.45737e-05, 0), \
                           ValErr(-3.93206e-06, 3.79425e-06, 0), \
                           750.958, 63, 63, -nan)
reports[-1].sigmax = ValErr(0.00188846, 0.000168718, 0)
reports[-1].sigmay = ValErr(0.120458, 0.0107536, 0)
reports[-1].sigmadxdz = ValErr(0.000414541, 3.71752e-05, 0)
reports[-1].sigmadydz = ValErr(0, 0, 0)
reports[-1].add_stats(6.48615e-05, 0.0123003, 0.000108032, 0.000408403, 0.000360337, -0.00241717, 0.00016614, 0.00166358, 0.000360337, -0.00241717, 0.00016614, 0.00166358, 0.000157253, -0.0204252, 0.000111291, 0.00543387, 0.000157253, -0.0204252, 0.000111291, 0.00543387, 0.00192895, 0.121207, 0.000409029, 0.0211097, 0.00192895, 0.121207, 0.000409029, 0.0211097)
reports[-1].CovMatrix = ['8.95434e-08','-1.03845e-07','1.70155e-07','-9.89517e-10','5.88414e-09','-8.68099e-11','2.53105e-09','-4.9045e-09','-1.09627e-09','0','0','0','-1.03845e-07','0.000282214','-2.46016e-06','4.10275e-08','-1.12701e-08','-1.70171e-09','-5.98878e-08','2.39411e-06','8.25118e-09','0','0','0','1.70155e-07','-2.46016e-06','4.55212e-06','-1.37413e-08','9.88403e-09','5.95261e-10','4.33078e-08','-1.29751e-07','-1.93632e-09','0','0','0','-9.89517e-10','4.10275e-08','-1.37413e-08','1.68205e-09','1.28927e-10','-9.47888e-12','1.10187e-09','1.07658e-08','-3.66986e-11','0','0','0','5.88414e-09','-1.12701e-08','9.88403e-09','1.28927e-10','1.19534e-09','-1.40119e-11','8.12082e-10','-1.31115e-09','-2.68386e-10','0','0','0','-8.68099e-11','-1.70171e-09','5.95261e-10','-9.47888e-12','-1.40119e-11','1.43963e-11','6.95139e-11','4.22097e-10','3.79002e-12','0','0','0','2.53105e-09','-5.98878e-08','4.33078e-08','1.10187e-09','8.12082e-10','6.95139e-11','2.84658e-08','5.77739e-09','-2.26795e-10','0','0','0','-4.9045e-09','2.39411e-06','-1.29751e-07','1.07658e-08','-1.31115e-09','4.22097e-10','5.77739e-09','0.000115644','-1.43977e-11','0','0','0','-1.09627e-09','8.25118e-09','-1.93632e-09','-3.66986e-11','-2.68386e-10','3.79002e-12','-2.26795e-10','-1.43977e-11','1.38201e-09','0','0','0','0','0','0','0','0','0','0','0','0','0','0','0','0','0','0','0','0','0','0','0','0','0','0','0','0','0','0','0','0','0','0','0','0','0','0','0']

reports.append(Report(579371008, ("DT", -2, 2, 2), "MBwhAst2sec02"))
reports[-1].posNum = 60
reports[-1].negNum = 0
reports[-1].fittype = "6DOF"
reports[-1].add_parameters(ValErr(0.0019057, 0.000604043, 0), \
                           ValErr(-0.00685796, 0.0179114, 0), \
                           ValErr(0.00705635, 0.00449574, 0), \
                           ValErr(-4.65588e-05, 8.94265e-05, 0), \
                           ValErr(0.000302207, 5.68437e-05, 0), \
                           ValErr(2.69241e-05, 1.07819e-05, 0), \
                           661.09, 60, 60, -nan)
reports[-1].sigmax = ValErr(0.0036594, 0.000362085, 0)
reports[-1].sigmay = ValErr(0.13421, 0.0122779, 0)
reports[-1].sigmadxdz = ValErr(0.000473148, 4.70057e-05, 0)
reports[-1].sigmadydz = ValErr(0, 0, 0)
reports[-1].add_stats(-0.000456811, 0.0103126, 0.000488718, 0.00201394, -0.000616389, -0.000871579, 0.000488343, 0.00231727, -0.000616389, -0.000871579, 0.000488343, 0.00231727, -0.00115293, -0.0079562, 0.000549599, 0.0035242, -0.00115293, -0.0079562, 0.000549599, 0.0035242, 0.0038868, 0.134903, 0.000447155, 0.0245102, 0.0038868, 0.134903, 0.000447155, 0.0245102)
reports[-1].CovMatrix = ['3.64868e-07','-1.58428e-07','1.78845e-07','1.78685e-09','1.91451e-08','-6.28815e-11','4.92967e-08','6.70692e-09','-6.26057e-09','0','0','0','-1.58428e-07','0.000320817','-1.95339e-05','1.71281e-08','5.08304e-08','9.10391e-09','1.46874e-07','-5.4558e-07','-1.977e-08','0','0','0','1.78845e-07','-1.95339e-05','2.02117e-05','-1.31711e-07','-2.57863e-08','-6.1762e-09','-1.00909e-07','-8.53865e-07','1.01221e-08','0','0','0','1.78685e-09','1.71281e-08','-1.31711e-07','7.99709e-09','-8.69048e-10','-2.20044e-10','-1.06326e-09','7.11593e-08','3.90082e-10','0','0','0','1.91451e-08','5.08304e-08','-2.57863e-08','-8.69048e-10','3.23121e-09','-9.33824e-11','7.75386e-09','-1.04109e-08','-1.03234e-09','0','0','0','-6.28815e-11','9.10391e-09','-6.1762e-09','-2.20044e-10','-9.33824e-11','1.16249e-10','2.62952e-11','-2.04655e-09','-1.01544e-11','0','0','0','4.92967e-08','1.46874e-07','-1.00909e-07','-1.06326e-09','7.75386e-09','2.62952e-11','1.31106e-07','-1.63343e-08','-2.55983e-09','0','0','0','6.70692e-09','-5.4558e-07','-8.53865e-07','7.11593e-08','-1.04109e-08','-2.04655e-09','-1.63343e-08','0.000150754','4.38117e-09','0','0','0','-6.26057e-09','-1.977e-08','1.01221e-08','3.90082e-10','-1.03234e-09','-1.01544e-11','-2.55983e-09','4.38117e-09','2.20957e-09','0','0','0','0','0','0','0','0','0','0','0','0','0','0','0','0','0','0','0','0','0','0','0','0','0','0','0','0','0','0','0','0','0','0','0','0','0','0','0']

reports.append(Report(579633152, ("DT", -2, 2, 3), "MBwhAst2sec03"))
reports[-1].posNum = 0
reports[-1].negNum = 0
reports[-1].status = "TOOFEWHITS"

reports.append(Report(579895296, ("DT", -2, 2, 4), "MBwhAst2sec04"))
reports[-1].posNum = 46
reports[-1].negNum = 0
reports[-1].fittype = "6DOF"
reports[-1].add_parameters(ValErr(0.00222997, 0.000565338, 0), \
                           ValErr(0.0297573, 0.02356, 0), \
                           ValErr(0.000229061, 0.0049834, 0), \
                           ValErr(-2.75755e-05, 9.95416e-05, 0), \
                           ValErr(0.000185702, 6.2435e-05, 0), \
                           ValErr(-1.059e-05, 1.22304e-05, 0), \
                           506.219, 46, 46, -nan)
reports[-1].sigmax = ValErr(0.00275656, 0.0002919, 0)
reports[-1].sigmay = ValErr(0.156626, 0.0163399, 0)
reports[-1].sigmadxdz = ValErr(0.000545396, 5.80806e-05, 0)
reports[-1].sigmadydz = ValErr(0, 0, 0)
reports[-1].add_stats(0.00101616, 0.0318917, 0.000318415, -0.00468324, 0.00116217, 0.0315932, 0.000275411, -0.0038863, 0.00116217, 0.0315932, 0.000275411, -0.0038863, 0.00120302, 0.0546584, 0.000280357, -0.00770811, 0.00120302, 0.0546584, 0.000280357, -0.00770811, 0.00283509, 0.155, 0.00053583, 0.0258107, 0.00283509, 0.155, 0.00053583, 0.0258107)
reports[-1].CovMatrix = ['3.19607e-07','-1.03664e-06','1.04881e-06','1.46309e-08','1.17763e-08','-2.89165e-09','5.35089e-09','-1.59952e-07','-1.5074e-09','0','0','0','-1.03664e-06','0.000555074','-2.27947e-05','-1.11684e-07','8.60675e-08','1.6769e-08','8.48885e-08','-1.18017e-06','-1.92269e-08','0','0','0','1.04881e-06','-2.27947e-05','2.48343e-05','2.03732e-07','-1.23339e-07','-2.25094e-08','-1.22151e-07','7.83927e-07','2.74392e-08','0','0','0','1.46309e-08','-1.11684e-07','2.03732e-07','9.90853e-09','-1.45596e-09','-7.29724e-10','-2.22034e-09','-1.35425e-09','4.44256e-10','0','0','0','1.17763e-08','8.60675e-08','-1.23339e-07','-1.45596e-09','3.89813e-09','6.23346e-11','3.03571e-09','-3.66856e-08','-7.21525e-10','0','0','0','-2.89165e-09','1.6769e-08','-2.25094e-08','-7.29724e-10','6.23346e-11','1.49582e-10','2.42438e-10','1.50832e-09','-4.31039e-11','0','0','0','5.35089e-09','8.48885e-08','-1.22151e-07','-2.22034e-09','3.03571e-09','2.42438e-10','8.52056e-08','-2.57007e-08','-6.03764e-10','0','0','0','-1.59952e-07','-1.18017e-06','7.83927e-07','-1.35425e-09','-3.66856e-08','1.50832e-09','-2.57007e-08','0.000267007','6.32432e-09','0','0','0','-1.5074e-09','-1.92269e-08','2.74392e-08','4.44256e-10','-7.21525e-10','-4.31039e-11','-6.03764e-10','6.32432e-09','3.37343e-09','0','0','0','0','0','0','0','0','0','0','0','0','0','0','0','0','0','0','0','0','0','0','0','0','0','0','0','0','0','0','0','0','0','0','0','0','0','0','0']

reports.append(Report(580157440, ("DT", -2, 2, 5), "MBwhAst2sec05"))
reports[-1].posNum = 69
reports[-1].negNum = 0
reports[-1].fittype = "6DOF"
reports[-1].add_parameters(ValErr(-0.000253276, 0.00104553, 0), \
                           ValErr(0.031915, 0.014703, 0), \
                           ValErr(0.0155775, 0.00736005, 0), \
                           ValErr(0.000452506, 0.000169858, 0), \
                           ValErr(-0.000389199, 7.48375e-05, 0), \
                           ValErr(-0.000108658, 2.12896e-05, 0), \
                           711.379, 69, 69, -nan)
reports[-1].sigmax = ValErr(0.00585718, 0.000517164, 0)
reports[-1].sigmay = ValErr(0.109534, 0.00939964, 0)
reports[-1].sigmadxdz = ValErr(0.000735412, 6.57332e-05, 0)
reports[-1].sigmadydz = ValErr(0, 0, 0)
